300
-932287.471457 -794406.471919
411106.741423 335091.356348
657147.119193 579204.012503
-248256.565977 452147.979078
-934477.134121 -256074.683259
471935.014428 -620387.118514
258839.649958 -424961.127180
-604255.949974 875897.775521
491932.031048 -464070.548814
877639.541610 250858.803117
-15344.323780 -341561.810918
260849.367060 -841777.114762
672424.408787 -360441.070458
-843433.719343 -738013.650874
257941.145940 658860.285625
-430626.334911 -214791.066751
-684418.912961 169897.281893
125682.635050 645683.250437
-731742.291808 157985.065872
-822051.375487 -507832.113651
-537798.148518 56086.185373
-557949.896371 -400349.390250
-480542.847734 974.311155
139501.888047 122631.458997
402394.456705 -893258.287010
571324.459311 -642748.138683
-744053.180934 192685.743624
442643.643138 -385174.409763
-485648.460875 931292.526716
880921.429141 990669.005756
-916358.466519 -432899.775987
261737.320233 -203278.171900
-902319.720965 -772867.094344
916220.639675 232775.797718
963099.140484 -666651.178012
833190.019506 560966.975767
-53224.008269 -292372.013959
239297.804529 -807794.603837
950133.442554 869711.174008
-39300.102539 -278178.027080
241624.527091 298773.144108
557523.488588 -812136.775432
230919.402443 -113726.535345
610006.841756 -756983.369128
-60548.147943 -258281.892324
-397916.931781 -786463.252543
614008.807417 696090.233381
-950941.784507 254365.324805
-948984.235236 111343.659724
-767543.177097 -86651.109707
280753.562948 653267.149439
119768.857160 -671429.046647
292055.607047 -290772.000636
-627981.230399 641625.321911
-595558.927881 608805.220608
-326558.433376 -953841.300482
541413.209019 -195879.542936
-925489.744020 173879.855448
174775.609366 549551.194799
-434708.334200 213879.843639
-886815.341860 457912.727725
30216.745328 -117578.914673
76323.385269 588477.896892
588353.523842 -493019.997169
-478165.200560 -540736.145431
-437417.224046 130626.174112
344691.385182 -132088.821668
-875320.482081 -241604.087926
-286976.049065 -688250.037201
-421597.191445 -204043.380859
-892966.953704 -799868.716104
-446475.905398 -352558.361732
-53938.287200 -725552.789027
60021.845244 534546.942347
-125305.005604 321886.523477
202163.546483 -102247.414898
856411.940038 358875.321779
-248500.078683 -602486.611113
66829.884764 898633.786864
-480241.245544 -438636.311928
-722392.761305 516180.193286
-492632.000316 -964202.040377
530201.084657 -79524.112302
277749.558454 615471.862812
268888.666412 -960687.777358
229311.520440 -212687.495555
49667.954239 627270.030641
354906.554786 38745.159117
89000.615278 -221609.730086
-169209.120267 -500099.131802
-615679.408792 309623.399211
33565.300383 703100.675794
64107.140062 -60908.040033
-301911.673181 161550.452712
59322.188029 908144.212344
359583.345879 673527.848029
641891.876328 -711951.463711
408686.223181 590585.316564
-111170.755632 -779697.024788
243099.200460 135947.244510
-377124.009883 470208.260185
-26215.419926 -249321.787977
-15097.526239 711223.547398
910521.106400 43179.431946
724152.726806 -628266.939300
-909636.742710 457029.967082
308153.737174 -83360.927378
96593.944795 -552399.217836
92974.959818 277728.096701
-78903.349537 757687.381066
-402001.655112 311098.348010
788456.931439 -555722.121266
-179035.733312 -2956.585651
-843604.323867 -493227.441540
418693.513896 -762362.499602
-909130.662343 248191.962076
-44686.095663 798229.936217
-543199.861349 -996257.338503
-24459.772873 -968459.255362
343590.694647 -954230.150059
4073.424862 -773666.000319
-20793.466672 -49982.525218
-880531.061883 252401.074971
533473.830019 -898839.137558
-927892.504723 -107922.442346
186679.107080 -165439.949283
-520188.867705 846031.125585
-81814.851002 494148.051882
506872.186577 927829.631961
859353.985512 992023.682014
-161452.658182 -833664.297224
-409140.775218 433896.758954
-493684.592751 865978.503247
-766625.475335 998536.121883
-192602.987083 498081.720702
562729.135731 -330531.088200
-408718.386570 -203478.697766
885646.789363 -686912.360849
736251.075533 163303.534914
-904931.479187 541664.210705
132447.087708 -358013.622878
-973526.058968 -898670.824508
767784.340183 -434111.678209
-530407.050442 546078.132063
-147161.345144 -869506.664136
-716835.415328 -71040.330096
-719804.181674 298887.002706
145188.829896 178250.463696
-978793.614589 912241.548889
-648166.213672 238765.067665
-402968.645165 165112.323849
344979.633933 -283001.092449
325848.190448 773271.576069
83743.514463 532739.323049
497611.508913 111749.877966
409886.961379 360571.522374
-261384.899863 491559.339945
-180916.897289 762951.902655
-609407.968348 819155.507303
52816.957141 236538.395629
-184429.778831 983707.915788
957377.060337 -3141.528954
309693.607233 755810.551822
591133.010284 148147.756128
326531.395867 -486581.449823
-47606.809458 115692.070283
-184961.170461 404884.179408
357571.712013 -136876.478395
973547.279032 -923740.480890
838330.535284 -500584.396184
918301.973444 908660.595939
-322912.134758 -386601.466308
-186530.962387 124314.227569
474375.571409 867225.136902
-589453.601084 -349667.660239
101209.621202 358453.856940
192053.490786 -963286.591898
849487.171150 304127.528235
406036.371069 -493703.046948
-114130.852442 60707.977446
517338.086477 -468859.905373
-931954.017427 8087.108148
-906098.241241 -207163.832646
693386.005004 -906456.777585
250653.135754 -329993.488097
287669.972537 -110866.665025
-407066.435582 -311333.088161
856868.265600 -734484.772693
738857.286761 -858729.379732
332071.160923 -571710.454045
-148082.508383 588947.192515
-774063.413490 -72847.216254
870339.994439 347341.587528
-602724.207757 484090.122724
533740.113950 477632.705603
11968.844550 -212299.264530
518796.003645 787913.145900
-207297.023579 545812.193713
76412.001093 -425902.123189
958176.428562 708492.615690
-239870.964311 -806421.366391
838546.174438 763057.487296
332466.221998 -326613.199729
903727.545472 -7603.441735
-748044.806606 -792550.021974
-827479.559140 585223.144328
425055.364692 -706826.842368
-583069.646079 -863487.003713
-926959.710669 -683331.444246
-117601.319087 -479282.830972
627945.872214 -542526.088391
-166550.516849 -540769.477459
2150.014160 452500.108068
-812407.939058 541100.834184
474702.210641 -440694.035880
295342.771896 189701.670849
748626.442943 145906.885358
440412.988074 -496313.472705
-369298.062647 -159520.034363
-288555.532466 -30370.402526
832571.936414 -443484.826280
452519.197272 431027.004482
-358467.253993 -132581.343693
113733.220456 -711674.744791
178253.707215 -223772.569160
-240629.057658 189753.199119
-57555.077740 -340380.977353
-769690.467311 -461188.064993
474504.207441 682967.706701
439540.583251 676437.789327
455405.194887 439055.641116
500677.289843 -292619.196060
567870.931885 103247.909879
141184.292307 534489.835901
-34008.608972 -115518.857875
343389.661426 -546900.060734
-937864.640730 -283409.023939
-225293.100444 -663244.944495
-647856.618160 -963160.512274
164947.685528 113174.229708
-451480.540139 -288203.340643
692109.053717 -767913.194146
675617.236036 73379.817110
-984157.952389 456284.568661
324403.064234 162269.241310
-710691.429401 944520.541625
-591341.754769 320075.366940
776180.624902 -470651.618786
319501.169482 -665228.663022
854269.608289 -584623.110793
-666208.041095 -344005.751987
-43484.446472 -147015.507602
-817883.729883 468573.750561
373102.906583 -615178.311730
-100855.606057 655655.758202
-886604.623432 -680487.165655
788914.146474 -444964.756178
423272.153238 652892.145063
-137949.217185 798968.161931
905081.864253 251370.122372
-578193.807942 -710655.524540
357444.462556 499560.884405
781295.528811 -618522.782676
343746.065318 515745.961254
-365350.908832 -610696.879291
521483.810936 -878371.241522
-392451.435854 579453.889507
983147.019725 -211373.967068
688543.380253 680722.337166
-618671.119400 178826.437380
-746455.305864 410818.578683
659176.409937 -318509.526604
932557.214265 966640.796395
89596.159360 412509.385497
-218408.022360 -412658.546206
940009.079375 69411.810131
-28768.289015 274033.389639
-313454.739160 -98275.296765
833656.979952 435422.463711
110859.590809 -838708.120229
-755727.166479 288205.786617
-92935.130243 -488759.382128
212998.075562 -457671.255482
-45613.374555 282297.994360
-719731.809729 -239483.856926
-939201.290431 -661266.969708
-358758.808550 467846.813313
-882506.155423 -495738.755549
588439.111425 549592.805572
-601585.805446 -14339.556407
429507.726975 -764754.810556
633237.237035 342073.296051
-915504.112767 971350.518334
-708997.529254 -205935.779227
-410706.270538 661138.767778
-540303.076520 121572.824168
599875.324930 349806.054966
-579722.086181 502131.068411
-150332.874525 -914454.311443
706896.957277 709656.248214