800
364216.580590 -241628.892761
951997.807568 -779724.950928
-843575.729118 746941.290503
-361491.775007 -229143.876079
630390.140815 -325235.154228
338629.049912 755987.671913
-987469.842633 196830.384839
-493040.121803 -947487.861451
-434264.646644 529444.349079
833455.176094 -930043.666048
-734125.435052 132670.575779
-697518.210609 -345407.272205
-280775.985267 -344745.073375
-229053.156921 347303.536740
-389481.901195 -959634.088461
-613094.215711 -921277.226185
342180.863347 150955.247277
314918.414519 -378910.909980
-835000.527855 595.534638
-993543.008463 -146859.901070
-229449.019529 256596.966919
-154449.539012 -713275.931478
8133.259165 -695638.256054
-769457.166556 682721.834704
-489995.587942 385551.966251
858476.428304 363674.389400
-455096.476882 -400599.085221
402310.545064 580479.194914
819549.696363 -337266.334805
-471942.186689 -549680.666157
858623.884459 893960.749899
302560.978745 -792434.142645
491562.607466 986900.175139
-59765.762764 -196142.225586
-701443.857942 157990.892341
-312830.949219 848674.341502
10528.380098 796737.559150
-377329.309412 -556385.619097
475805.949059 588273.599175
417089.643687 882591.142171
138799.626728 -963696.385176
-554031.211459 -764590.945495
571181.042265 -452663.524823
-625482.409366 -332221.213238
-225428.557326 605978.246590
-691388.479240 -340899.767073
728284.760282 139533.065934
-728045.360960 399309.158382
897770.497226 807414.686947
666965.425875 467991.242074
397675.004202 150145.197490
833864.401491 17308.708036
-8394.458885 -612705.277943
-753592.415755 849418.582981
-177560.225212 -773285.962434
559826.064772 286550.639202
534394.420112 104277.116779
832766.685314 -648080.040892
936114.117741 -563788.908488
484770.415394 -927052.139715
476112.615010 -159948.380542
-245253.630054 794761.879979
-961854.098594 -729191.359181
-696655.272869 516215.270787
-193358.298831 -671131.000580
-793878.950898 617690.801075
210312.917456 620845.223355
-366252.894969 751227.734847
-567412.489640 220609.258205
-596851.444825 63870.705235
-665077.789307 -806036.298972
843311.035995 652763.158722
621027.461260 716227.955524
-379693.661152 204543.842837
585588.246339 25730.568515
620724.565162 -961344.412723
562257.301503 -906413.368006
-81916.874735 -749597.461472
-919741.779758 -977886.162129
846347.783475 -950601.837760
749555.161189 -776089.484764
925750.066668 355949.229882
513819.361301 -828850.632870
219541.140095 116189.486518
-776260.362570 513116.199353
659529.694725 -922657.463580
999418.950895 93902.368577
-843908.697298 547749.841480
269717.804506 -331884.576829
53510.295095 138692.202619
277139.593267 -709005.333925
-876418.700821 602320.648694
-213134.372195 -343697.788539
-205226.342185 864623.039093
-216561.571378 -921861.766909
-790921.579563 860233.782672
587133.467170 391838.214465
371664.962333 -504645.315164
-361003.457337 257432.652982
410042.827269 -694684.218981
553278.764452 -800175.912362
-203474.347746 -637333.793519
256044.607003 954782.594562
721726.304451 996337.855061
-589771.964223 -513533.602231
-213963.644251 417022.689917
-689372.071768 931952.809828
733952.534832 -382595.682753
797865.738005 93201.192828
869954.946061 879190.821425
-102393.287033 -758704.516516
-313470.784669 653479.243308
-282468.110682 553168.370110
321984.816462 487484.173490
-518317.659426 183711.309225
846168.345231 890180.001260
461873.924945 -855470.336450
834610.286829 847414.274537
331136.192687 172135.647728
766717.640952 198302.251558
921454.562515 356076.181867
-787954.506211 725961.545816
89822.125356 -580002.454745
-173976.936354 -147823.526126
808777.543865 3005.037958
157840.955829 838604.210880
-977785.708657 290522.169959
548264.117758 61116.431668
-844778.461261 315596.159933
-522411.936330 -384818.349052
-150927.514589 -724678.992128
-120011.747638 265706.048916
195360.969403 -363646.884947
-685709.744403 581180.262534
-571571.867416 -759380.844894
827957.572302 371772.610234
-950203.835778 -524828.533541
-741076.920496 948841.784636
-104807.217831 578712.524806
-605636.944075 209469.410266
-482545.395796 108055.194028
-590548.996320 582597.362980
706964.765238 -621966.570106
-546619.698323 956296.905922
960859.353256 359855.099192
-499326.924892 594087.870860
-566190.306467 -649292.745222
-769995.206894 732200.842511
-826161.900040 858384.644756
-1897.450193 -192040.930076
282543.220197 -53321.434313
196255.508898 -918759.843028
-944803.814956 293904.700229
-788634.842726 -912180.492955
985980.493974 -645790.375420
-916263.377448 -911404.806457
-968890.664999 -210958.141531
964112.427479 917014.221631
-624314.727150 -175024.825212
735796.339461 506533.733919
326163.224204 -948043.719112
-524525.743192 -932720.375341
446006.191277 -719918.830015
-384040.634990 -255556.059740
-366815.268462 -293555.181324
527023.740191 -338351.296574
63730.269603 77079.613946
-702977.858538 411834.027093
71144.129765 758478.370235
427189.795884 943628.712976
-999054.120416 -883322.724865
146070.387461 -195484.643194
-583470.641546 -751871.037850
366111.640174 -91252.620043
353119.723259 -107608.397159
-581645.508740 906039.167474
952332.317436 -410302.101270
-170010.841799 299633.390373
-432972.784200 -930723.452881
-518096.329741 814320.055108
-987355.511597 548730.894550
-110772.678218 -998304.434262
729112.600398 967105.308872
18436.108503 204932.663288
-291925.368114 584638.605171
-372817.814174 707532.465468
-201479.452770 -540925.616023
916623.273533 -588603.977835
-120966.269172 408765.301570
474925.153061 804562.552264
731636.173644 -845660.887088
966574.719059 826105.357863
215470.918985 638486.537677
-125427.210823 693227.863812
-496173.866833 659512.829662
-544515.924198 335989.539651
-787825.693943 174119.269828
373012.336784 404710.898390
-760141.608535 892273.037958
-994279.879848 -848856.238802
214001.782732 293874.544678
-912730.405273 -511821.611977
-919931.114270 564581.152078
-587392.577277 -69281.209530
66570.709885 260434.477536
433448.700859 -83174.612881
252862.783600 -56756.811467
944936.305351 413018.514002
848833.710453 -348658.551330
466015.581389 951346.651871
431740.750678 774646.920739
882075.224549 -378003.272818
-345488.327799 -292714.052998
753325.679469 -149596.730018
-159609.788114 -39772.694660
340634.520052 427725.650190
-860722.529740 -564800.842808
943914.144029 -344442.937001
914680.330254 -621481.993649
685946.005084 888842.126805
-643834.341673 -228202.642315
87857.190877 -579132.113452
-534891.004292 657963.002502
-991587.416606 795152.471330
-965759.544904 62527.278114
184114.005360 -717760.030465
-33445.887234 914302.984834
-877368.568393 -172628.980760
139344.922744 226444.815100
-9856.354827 164901.844556
314827.743840 -115873.742395
642174.969740 -618683.438896
-436140.139759 -729377.900942
611828.003891 -145481.704198
-183064.747945 518996.186205
-487726.945963 66736.470409
-965421.962124 710223.278085
878117.843429 490106.720672
41978.548755 -318731.683454
94218.103577 849680.952723
506653.696383 167659.216959
-257207.145230 460653.409889
575368.922439 532218.388560
-910906.546875 -55311.985710
655536.324151 504541.020460
413110.412296 99627.726437
-826948.684557 -170081.955470
-820938.249151 304795.708340
-790261.824440 409069.785408
793696.711842 425289.369787
11921.124994 -497981.198439
-87050.984499 450725.925304
874737.771803 -613756.322104
-343713.154527 -46951.267356
1536.054358 -551671.325529
-805722.801427 672130.815411
-847049.983896 -844307.222904
545729.582795 524806.042302
857418.517849 146851.238210
456129.496050 162721.332608
-993536.190691 -920030.446505
-407465.158760 207802.023263
-41254.837091 759413.481768
701933.684136 43219.742731
-815182.376678 -580672.108056
-383606.094047 -233287.549189
-262258.661300 -383287.561368
-32595.296107 -800573.069001
555182.134053 129475.189388
-72549.550605 -316852.166008
-483258.392766 537696.318260
-528951.470985 964084.867385
-715834.405784 -719610.455580
-460347.590331 967883.971590
-676490.880927 347941.277556
-388787.318146 -489384.021673
805980.183467 996162.498325
-450386.197358 -662503.582510
-237967.204657 -556375.769395
119256.934155 816544.859727
-866328.844003 -236982.203837
418447.439767 -920192.511685
632167.681419 -729866.273417
-771971.241305 -164797.703487
-269864.519466 -755714.378472
-229316.681084 -947344.426661
-107353.904886 779356.620502
509253.815445 79014.935487
986344.744869 500748.802228
707653.973995 -26140.117859
-696204.780770 553471.949525
464703.883284 587601.831728
373878.210401 -684804.606521
-349344.293778 933110.367859
-799030.365882 155121.919765
724863.609919 -628287.702307
768292.681354 -324490.640588
-731495.240243 585147.796953
-285051.417321 715715.001314
-472093.876867 -293690.261988
450315.863221 -532970.942512
726574.271351 -405537.446201
950839.616949 837596.266139
812642.569217 -559631.530723
900978.121013 701610.821069
610091.422256 -251571.111303
-347912.845507 -777137.025966
957436.730606 -331477.474793
562095.262974 525641.040094
-657839.730901 867057.567899
-811117.109812 -295754.148193
825355.212833 -940454.792119
-280996.395093 330426.441375
-935520.412388 715152.615223
-928820.883074 -601000.575798
807394.949103 483105.519426
-527625.464863 282787.357990
-399330.417952 -927259.473482
98037.430207 739877.785992
-544219.873442 488735.283193
-407647.893722 -246556.143115
-745541.562148 -709475.899301
-69530.380292 -25305.704255
269908.585903 364697.084648
510604.811342 78008.865971
-829956.921383 724019.587575
117346.113933 -574713.850603
714931.103315 -980483.785668
-519344.117045 518730.161348
409110.378235 790527.957522
-388146.371360 -735276.570067
-472641.903721 532240.784037
886351.457636 591571.091598
-915648.415657 -994399.843958
889641.042465 524887.370207
543111.316354 590959.501510
483412.194765 -918014.410671
-419495.107769 -571717.866803
-191577.170138 464204.530001
-615365.284340 628311.241266
755756.856800 546922.436747
827056.362649 467068.571676
-299736.725724 -471916.758185
159006.012954 413742.157833
952975.713956 -894570.529053
915445.567722 -156956.535083
540322.866220 66194.808783
-99048.795171 60505.267777
-464704.110840 -561202.769107
635354.442512 746884.397116
545629.690509 -841482.864676
-218704.054494 684375.442399
-581108.445278 -295644.350177
570091.880213 55145.284044
-680505.894987 -978789.168070
-276595.958702 937792.932754
763061.587922 -445826.203290
-591757.637441 -402990.759566
428476.526358 -969468.838206
876829.211642 78337.544419
-857118.509285 -13780.379249
840554.125501 10958.214103
564094.933463 855233.583757
-921717.361281 -74056.012584
-990407.349796 938000.097577
874560.377429 822005.270829
-665376.145327 203131.282600
-347634.103774 -29681.990201
-518629.057164 343851.310832
816344.613106 -819669.884238
-463488.642341 -530521.288810
762320.184295 862988.281945
-219171.900215 -385789.212674
-684746.022138 -97685.078408
-100347.880493 753992.937807
-954440.453607 -951550.748760
819096.545919 -880246.429006
-215700.026661 -563129.576983
847154.557614 361420.264263
51721.756065 821520.270759
832140.569789 780857.056696
496254.852936 51304.067395
-47291.218397 956783.060992
-796390.628871 70100.166375
543310.723725 -146703.690018
-588947.150686 846321.275406
796014.127476 -156835.464428
44142.495525 701762.966439
-843732.289542 -478106.603846
492159.344441 406184.032384
-11090.409395 -910887.533795
994620.690774 -289027.766183
-423293.369243 -3699.677682
194600.506453 277537.171643
832001.165552 36392.641552
-130633.114310 -486594.756742
626376.627818 -70896.409951
-565102.918615 169491.250969
877329.903041 98091.819745
450705.235310 -159450.919680
294046.036450 684440.159878
-621032.175860 942382.842047
-765250.721779 904560.109035
362225.118653 -538667.106444
40948.883092 902614.665893
825834.422379 479988.492372
-868763.021417 206744.504090
391606.860425 -995808.563312
-340002.321799 -180549.565643
-586187.831654 -146221.114917
-677516.355207 446106.907990
177502.638562 888117.758614
286464.158210 9044.844829
524033.522762 101434.423356
-407903.667417 284506.413477
-254615.857456 -166899.307043
615865.941273 -260172.371966
836664.553213 908924.164201
-544473.613559 -623096.706203
-785518.153553 328012.588166
-408622.032750 -210539.691836
213617.494244 89611.162558
973849.040022 659385.595216
-675849.197678 375412.774354
163910.639978 -213606.059209
-951526.889200 -372289.610313
790246.176804 85842.906973
473159.271563 435645.939490
-989442.339128 839216.796630
-942011.612122 949815.531802
567481.568421 928862.519404
-381521.596175 -525793.428081
208598.354060 354258.547863
912381.353919 938940.675695
705055.913745 -757170.381936
-666323.438637 -100457.602629
303844.451401 -51688.271916
-976004.395095 -906548.871171
174219.287245 -960048.592934
-681758.705594 -747096.048674
299943.371238 986567.132627
564601.317425 132298.863421
976330.910183 265953.017507
414083.700577 -65348.535162
183933.098951 115172.489154
-525940.144802 474012.150183
818585.254975 252890.814291
-808186.694904 727230.882062
943983.373511 -414439.336214
126421.006430 38932.887978
-47629.254688 -404207.779684
774199.208933 471834.200665
714370.135268 839419.734109
489464.177418 -370227.570382
851958.039414 -622044.192685
436332.802017 -715912.189431
-377232.108077 -551101.130784
-18533.696057 -923387.217236
-728266.635303 548746.329947
691097.315870 923312.642057
967115.362701 -236314.196005
190796.615928 -762105.487406
-101089.249305 380844.084326
-305676.792344 -269795.487548
-153181.215936 804424.010118
429555.472366 68091.117529
298653.267756 50635.733607
-989126.412994 867489.434862
396154.966994 55412.972969
-762924.391796 549523.203725
157744.532053 111350.616544
461641.700383 -329839.854907
114556.879247 486783.837086
126375.824949 659897.798747
846425.928223 -696095.676371
98591.393032 751465.151351
-421682.321784 616275.404420
-847170.927169 677758.942989
673096.913289 895225.989159
951017.108761 -518852.898174
107250.997414 448294.648252
-319872.286325 -345404.686732
330778.046108 -917454.254757
995048.611991 183962.198212
-782531.869583 445609.619201
-444126.868639 763586.550551
550296.396874 -646675.338079
-39074.762061 -81237.045713
-160974.647847 -7705.120382
-595320.187821 280640.824826
-498941.704622 -490207.043890
189737.939433 87652.044552
911982.990607 423959.681559
167139.492563 -537701.822773
298944.480760 110420.721864
741342.535729 -636022.688527
420121.496268 944999.072372
318614.458648 -69703.780878
-285405.750692 626060.005534
201666.849218 924895.464968
796205.172639 -618484.940971
960441.395468 592787.982761
-83128.736411 576886.436042
-988014.521996 -649247.910148
781767.555968 -962781.239103
528659.853590 -1949.138325
-769253.341589 579166.330787
-353385.801023 -6128.333679
-693335.761594 -612353.703088
495409.408320 254857.583352
-851401.793814 119127.568460
570943.196472 -890964.198974
626180.429734 825212.765902
-67179.606411 477210.316644
809376.282539 959869.772493
517503.231273 -970616.285564
-263128.847179 310435.051271
-789825.704840 532172.316004
63015.303488 -498642.910146
-599156.860778 166784.977757
203181.799583 -33780.465870
-123233.897999 409818.589571
994777.257647 468263.135117
742137.575852 965034.870926
943516.937773 -769415.588349
60116.383216 -485512.290234
-217496.482415 704801.082398
917553.495084 323752.766665
-111559.586852 -943748.027101
444418.860984 -284107.233907
-593651.332646 -491980.032386
943395.746657 617821.088830
-160624.894643 287309.647198
-267143.828356 -402932.951793
776321.396956 -186217.985176
-904543.035417 701408.563044
-186657.490282 -968359.301038
506505.888662 393691.888770
-951373.230171 896952.217976
237127.641843 714049.272183
-763259.802529 -442055.819314
-483748.887478 26900.654714
-224210.826532 736371.575380
920510.598340 486771.007871
357999.539290 631608.429616
-368214.326139 198258.185199
-478955.139351 25688.253899
991288.720727 472058.953510
-547088.269640 263953.719623
-834498.750863 719746.687242
257221.082122 -814656.634388
933089.554524 233460.304518
-805900.944086 -608323.641965
-904889.547416 -540904.279051
-696151.480036 581749.400422
82872.485777 -862609.548976
221266.038133 86250.073095
-420729.788494 -295481.060623
699120.232329 62276.367715
-115835.383854 -425237.000668
-917049.122845 -113659.334848
920261.992282 -183778.065486
-909796.574876 -485910.622172
688234.942377 66503.302510
-485538.228171 -12265.750015
-865584.806992 332779.830097
-472514.306202 -370858.851651
572332.108630 -622841.915569
671630.662819 -656196.406399
-910923.970337 -904464.681293
-18224.363250 -308504.304781
-908211.664677 -285248.033464
-924433.624898 383432.362013
-716620.775878 -992748.121046
-240507.537850 -64347.961823
-821663.141106 468216.861593
8424.561621 437046.420803
672043.294532 868168.725475
433018.101643 -855937.650203
289683.103596 -111048.513392
43458.537479 -987135.658052
-967020.392369 -957648.514803
359121.721838 626384.847511
-9742.257090 496105.687160
741686.850493 23745.509235
-225786.865701 211627.359522
-302813.379840 340442.755930
710362.471886 747222.586398
-653130.254534 721714.064143
-215828.518991 -313631.549579
536664.239321 -421446.836183
-631744.234255 953084.376479
-597384.239237 889716.680700
-227495.520798 647197.307860
545734.992181 723864.745037
-45086.768195 312599.434161
-502552.764876 710293.603383
375075.419683 278175.064783
573787.940989 -938962.117430
-119434.894907 688525.601552
-995953.880181 -916815.323753
974272.242360 -290267.544996
593849.042835 683249.534746
535834.520945 -103750.615050
410745.146442 -590711.129564
682422.004324 605187.220778
387299.459181 -847552.911005
759840.312713 120811.102649
-101847.144999 485175.672549
-149572.461646 -222327.305665
617510.736318 -449456.472910
411169.586542 718323.269086
-521583.003517 -188508.628808
-921441.479658 707131.794958
-66733.680693 -956835.589895
-808223.386764 -483550.221596
182131.005244 -629568.343861
-962860.169839 772884.556352
-322293.117110 195014.995191
175107.799590 -479170.966700
-53871.708130 -609767.904261
323842.974009 -52634.028938
738868.250176 -41085.037004
902981.601402 691735.105254
-585459.204327 -305214.712936
-116885.635155 -109406.389203
-29562.118695 -46528.943105
-812515.242245 405185.906368
-55461.201103 -282081.230663
-575467.089812 -631417.689269
365980.439172 -121016.160672
924476.899264 -741231.762073
-184472.859687 -945149.825445
791098.246485 -804974.799332
-914516.218685 82684.182165
327712.574590 487208.512829
-363747.530740 -746145.770585
-367090.433785 240871.175809
804641.523551 -696546.227682
-442195.289478 403800.206369
700286.669115 -774651.416733
279531.812983 692584.849637
-964203.000105 -679656.992481
731564.030255 228989.222949
259169.788799 -813195.903281
-176677.018725 105353.105783
-752835.992964 -488296.550116
-334815.491018 -201656.711827
-9729.074467 -22900.009642
-191063.787455 -782274.006615
971963.763456 911498.802818
20885.358037 816980.271212
-635513.241777 -153739.293661
881456.302619 677509.853824
176593.230054 166892.965785
-674661.358460 591470.829491
-530874.522294 778269.071275
-624937.788058 -94743.340963
-804021.035523 742317.607447
407160.865187 535808.965145
662780.676377 -453632.990190
-196603.782536 265531.184872
696380.596179 -573014.733474
896640.089577 -763844.286702
192564.118984 -205168.512523
387174.439232 452705.485520
-581845.941041 624977.889978
-949719.432659 499169.221572
-316103.951995 660688.933902
943075.295241 736013.399504
142593.313720 374781.105250
-701624.844654 392559.345778
-166627.646751 -794247.207454
-544455.935529 747141.122567
-42524.427743 -211388.407400
185467.371495 894985.677452
225170.129801 -249410.139106
712831.296025 -271725.440321
-339795.154957 478662.182567
-215608.226471 357701.410465
24757.216235 -564610.696075
416771.651979 -995561.478241
-212671.323626 -253874.007760
158466.978983 -899433.665827
-286386.069143 732539.067318
-701837.151551 -512681.300250
-151526.819156 128063.621578
-201181.744453 468488.527159
52244.986783 -129133.148002
-730263.997504 800371.806649
-223434.292177 -726899.944360
-750408.799967 -924367.140367
-885708.547205 419499.086905
-701929.422836 380459.579783
63006.529610 59188.414057
316508.448685 -92578.802991
-953578.984990 271065.432014
469022.299439 -775287.149031
-51810.300365 620395.342776
497421.512018 -629460.007245
958973.506908 157379.927081
-210644.234368 570550.494053
294259.557167 -724132.940282
-941353.200570 -404724.261724
-464134.679033 307955.428775
651934.430523 649474.061299
882029.042307 932247.121427
546219.768348 205662.169415
-941785.968105 -586726.030543
670592.999320 413570.245599
-546878.255184 946706.164853
-580010.185891 -528757.347964
498255.899486 -918803.563387
560485.946117 -708610.556470
563560.764133 -955554.506862
411628.359125 661352.252265
789568.786537 123015.580733
115285.132488 702113.591722
352265.829251 -465108.826063
674419.461936 118215.349524
-661057.365998 -166473.911189
650580.781121 -547801.852142
466922.835810 -383024.024905
169169.754350 -55863.228134
-7698.399488 975750.441894
748412.218110 854585.362880
-559622.114580 179371.518297
837248.390080 546941.455327
357187.867691 908515.840712
959681.424445 -351865.205525
-333541.634092 806588.382020
-274974.839074 -548001.644985
152965.298399 -206776.663867
-207716.327663 468243.773149
98721.342294 248558.439887
-637654.724460 107458.647752
762387.337359 -541341.939120
226934.736758 184585.854505
-305386.705071 139396.994019
195158.319330 -349885.618213
435456.153418 43717.713165
578191.034640 -900207.218377
-498192.899862 737211.840816
-667182.753800 -710606.856448
-211246.867290 -814983.049111
45094.004479 369606.790264
-984312.496581 562181.095333
206601.708684 -269872.902949
872302.570041 -335887.216196
-470052.009961 757167.807075
-186790.992357 279053.251512
-362851.953013 546077.065009
892931.079609 -277630.943948
-964467.843351 110591.134861
-907786.487229 291741.163230
-152195.988111 -899430.091449
-29576.751937 357345.548767
-513691.917336 -530002.668810
-637497.877347 -858499.706984
446267.729063 34572.883914
203485.406442 -392152.708334
991676.368900 -827192.152630
594696.317736 -96952.757249
-156850.140178 492114.937423
-684286.358326 -349505.001825
575129.198579 -794644.236012
31784.139359 -70892.117256
-129099.222346 3764.295892
115217.061473 323719.657650
727211.947340 -132291.053030
-113798.436319 -933201.530065
207555.505865 -367564.735068
-224331.221383 184384.737292
332919.923871 262298.729823
-864638.303997 124283.134153
-611821.011565 -243608.029012
-667409.066181 370146.011133
-966693.280550 613694.524095
-903836.303850 -125556.784510
-81986.406688 -581033.900569
522719.981882 -683768.541367
-301494.907607 286212.881738
360908.586504 -30035.623615
-648227.454094 79221.691016
867994.375757 -667625.114602
-844145.575180 -568858.848565
815592.479637 -592790.861301
-975372.583268 153990.660374
-414976.393392 -55627.195431
17564.937693 -972133.165866
312066.301018 -124348.770790
405084.226503 -907568.029971
-310810.357121 671700.840910
648694.603490 -601574.610869
-870773.328941 339761.861631
-558584.567657 997749.191052
574779.047297 -809145.407484
272043.573836 -624877.323644
-386570.963707 504033.027234
-389150.917352 -427613.072127