120
922107.367320 -959877.422068
-680222.783430 -914400.779438
-561539.864146 -441485.533873
560540.133032 262653.381899
728520.806302 72634.448831
223179.765618 172466.639249
609236.902998 -491679.166470
397661.505314 451772.282038
370390.329851 315728.126860
354704.300319 -424587.416782
-264518.802150 550572.829299
613584.360882 -890843.148314
920383.981191 457263.531804
397502.420156 -836817.476411
-435902.135248 177311.370518
-547802.232761 -435864.948295
-294653.613481 189007.172638
-97030.950777 97962.952391
-736301.691392 -700946.916776
520293.419364 -238949.412750
-560497.377347 618105.074586
-638503.587708 -759519.100582
-24336.028440 299379.531733
-106191.239463 984520.951515
665901.982519 40450.496679
-549661.537903 -149994.894610
790939.733699 854386.900252
-157283.690063 -480509.574539
-246985.605211 -697289.462539
-964405.951718 -367138.278493
819926.438376 -746299.839071
-91134.372285 173487.605616
263110.057680 -60217.996186
730693.105959 190784.988599
235772.814373 -946713.208612
-684523.179552 569674.944827
520407.708443 -982671.253149
400569.546905 -747426.851514
719659.640498 966940.886855
650839.079724 43232.363659
19935.090368 -497365.408272
-872783.703193 -576556.349008
-378142.735095 515583.448421
-211172.123790 681973.802203
-958879.777283 -148661.912472
357926.313225 56089.466458
430931.476722 -976309.967178
189400.714002 593004.301954
-732717.646345 -241931.072575
171971.758119 97327.585791
-775077.336714 -576575.839376
763966.988020 -840370.472907
-644132.889653 580822.217961
936809.078078 -243162.306662
-674866.737256 -823036.581411
-360218.660094 -447270.868357
-916192.026919 213636.360472
952937.461537 527423.293458
-450334.194931 -32458.545634
61579.162615 -746054.205372
574581.964797 -418556.299619
168849.250752 347430.336786
807322.709538 618798.140532
637790.197279 446476.377263
65538.786585 -157721.361506
441489.543004 -62305.052490
315275.528346 -1008.347135
-778415.490085 312041.704030
-474481.112409 991038.585485
-538302.773119 366089.682207
435841.115239 599876.602986
345892.629846 -873341.216965
-159909.524052 -705172.451204
365393.848107 583669.723754
-895115.754464 279860.589695
-323129.184438 -260358.173527
736358.365335 497257.530027
972465.185097 -879746.842446
-305109.340757 -462001.305731
474676.758914 931308.522044
-173903.194916 770694.371483
-236898.203648 -392629.669320
-299870.858381 -849513.047023
-731003.425373 243448.181092
621716.367849 -582582.378931
666976.734671 -383472.995044
-444888.863041 10793.574642
-775499.378505 -198516.373251
733403.838980 129838.269124
972670.244049 907342.337294
-717446.047314 -101430.264253
986088.671805 785879.471963
-234361.536161 -717125.264336
-743920.707193 324148.816579
-622625.416177 930040.938997
27471.367976 399154.372139
-585735.766845 -565406.670785
-381691.383653 -816553.726794
663896.453237 -15997.947710
-74884.683464 -564770.165669
177220.545188 441347.622680
434397.601797 392164.883983
-812139.721922 376148.009776
357304.101410 -898534.043323
411479.016693 838009.196407
475149.604700 912482.652225
-231059.988549 -57834.641804
377657.095565 981577.446146
-326491.091608 -48727.316481
980821.090275 308500.084285
-529913.806486 -17144.703680
-199112.140200 742038.434103
-391079.912395 -785128.466280
545401.949197 865471.646688
730834.475266 -958306.739012
-894893.924088 60927.048261
-334092.170450 283236.137306
-429865.187473 -696602.871238
283788.154355 633021.909278
-857025.765722 598865.047031