200
205896.996177 -337518.221216
116194.069655 -386284.451360
740819.721024 -514666.156602
-643061.208087 -871982.332502
-247699.411958 -215083.341749
777291.990166 -671954.707260
-663327.960664 435092.141228
-597369.984607 3381.971586
254520.195958 692233.793793
-597982.336322 -125759.717044
984023.244492 402267.964028
772179.048854 -89363.540389
-153899.913580 -328139.471599
75943.157114 118123.370549
927941.546197 660049.600195
-213447.267104 -289602.299922
50035.409761 647274.745920
441167.336679 894819.639771
-10414.555694 -671996.691951
678078.295306 -650963.824613
-612859.536036 704045.481277
576902.183022 -584416.591591
443347.279309 820540.283375
155231.895298 -806071.428541
-127088.810580 -271864.613188
720193.369923 -498407.899254
41908.764537 658078.686636
369982.240944 921312.703336
-371490.945324 79050.823586
640903.480722 -773470.099165
383983.492684 -734496.701375
-173701.292725 -634165.668003
-394342.889480 -8247.347882
-436260.823745 -556163.297883
931262.619636 -248812.750117
-299583.480977 321840.421020
289572.795409 384420.332579
307948.756318 -693416.072636
-336519.996896 934048.775919
733552.335323 -132143.432747
340081.000204 -772601.401866
423269.510914 614046.429923
-27372.832601 -427122.358515
-919902.980868 -717592.381693
20244.759457 -974096.143727
-64213.046803 461763.575252
33586.331236 869703.725002
-221910.468744 -657792.651068
-716099.638477 -242815.629169
-262235.139662 -971948.805195
993335.121922 -750737.858055
725611.504294 623385.441302
-839598.887004 -827228.116461
997640.607092 611238.993307
-993615.342891 53865.022991
960242.149294 -214204.765300
-626317.097189 -958441.184769
-268988.498411 -247677.750375
295948.170345 -487354.393861
-754145.388464 969112.309560
441210.116296 309271.786261
-797041.648922 -261437.683461
186884.597498 -770145.695623
-96970.803023 -254974.557431
425556.565352 732745.219890
-448097.425430 356883.100002
-804924.260873 651296.233800
-867399.249819 442066.307359
92254.671865 715265.252480
458059.768088 523444.088338
651628.176482 85599.089610
-917401.236428 -880592.212842
-719285.214130 -652750.014487
665368.283830 747842.586488
655846.798215 109127.403922
-482430.908615 456959.595633
312692.001710 438225.904873
-965383.748990 -520945.428724
814142.898693 491911.988309
659434.201819 334023.177973
326727.590971 135477.440680
127145.924384 508482.873458
-623565.637596 395554.788017
339897.670838 14236.592640
-764256.666882 -122056.976316
694162.538824 497955.105291
137977.591540 802245.803855
357025.111749 588110.566467
-881684.681571 121173.214055
102676.881021 13874.414729
-214296.243663 -36501.498875
-734894.933016 965965.659452
661448.492552 730783.449969
-589529.218464 949314.848066
520930.781629 767379.247669
813724.704773 181299.832786
102472.053844 -190167.071758
-754243.860248 -443129.480250
636629.232490 898398.731618
-348637.714180 -844879.937839
931298.426999 873505.602712
228483.086238 747756.404132
297545.169121 158308.489134
444426.427320 642571.686412
544805.213231 686882.436654
676846.210805 -306581.175388
-571014.470844 -600146.207001
-924997.795027 620543.708887
579963.457567 -998186.106405
452270.138910 588936.674156
-636532.936218 532784.731907
-951126.831623 -826959.889071
284260.679058 -422113.184130
-338304.585630 642104.818930
-729705.136998 -655832.093932
794454.793577 -306409.223489
-86595.824348 686131.950463
-887151.318338 577787.414507
444560.646436 287364.205214
194886.569738 -539744.609196
-365298.759985 -326187.552960
-681575.492255 920357.118547
-379023.653978 -593386.517162
200670.930413 -188319.494711
-272381.630347 -146773.971671
-61230.592206 -555307.345506
-404047.477488 176083.536972
-372685.303408 -636689.923461
-517770.704396 -249450.099497
-145443.632466 -277012.033407
591828.579235 642963.235292
-57037.739784 -305060.399646
-886825.518458 -213726.950649
-983163.497412 297217.548389
243815.715518 -79936.432671
-378192.270731 432250.869461
-106610.884313 -696573.283641
-151285.119185 -983457.736285
784491.191468 -171725.380756
796457.629290 -661626.423967
93636.577257 -162364.531758
-890565.649801 -781092.530861
161334.640006 -248732.827100
-659246.952205 -247508.961803
657031.684960 137026.106715
154951.056723 39950.973596
515368.597342 -436296.424083
-299569.174214 104082.968851
586842.805063 955721.791928
547976.724268 473381.162529
-430684.281118 -245935.301479
-388629.341399 -400123.504876
335380.472607 932602.898663
67491.968226 342652.995256
-561789.487107 304652.025188
206232.790413 744369.003792
-687390.225819 313612.549918
144433.753897 -4025.871732
-724458.263938 880881.709019
-159451.790084 -874225.486716
-175560.696016 -340819.315991
548434.253623 -374937.353360
-664262.834208 182890.636452
-768764.823643 150040.173689
173614.286429 -194594.530287
758527.770844 985622.756330
-507775.038253 -808306.968186
-820241.167639 541564.653492
-840939.814167 941550.531924
906173.735062 782999.976772
522629.936347 468247.798458
-127965.667675 827066.240528
679449.633448 -514284.848183
539627.356226 -263187.492765
-708957.256640 -707869.203370
-263627.202814 -389523.218379
-66890.858967 -435768.260225
-656148.654133 731858.664739
-385499.103051 233840.416427
-155854.523862 -399895.491825
-709622.139141 -690243.171189
167571.924627 -487635.385938
387415.980401 -53470.007011
300782.544718 -423013.308561
-701464.227005 -625026.166367
-954483.259374 923003.878476
-561562.109821 131791.441602
-378768.228675 558754.944123
-999645.821714 585914.624338
451084.721170 616113.600898
-939116.611455 -270239.214881
-403155.067213 -740355.208336
-564750.109861 837329.623900
396202.190013 427138.312920
-383491.207891 758411.192649
524261.576011 -466544.532913
901653.874878 -962322.544351
389152.592471 -510191.787329
-872542.233043 -521176.319887
-574732.516464 649485.074011