400
582943.627787 -626592.100131
573056.977299 -273103.300858
119891.430294 348166.345396
153253.719523 384699.715479
-239107.307261 -261323.795808
438441.403177 24723.624550
815166.193423 675098.356867
658202.866096 728462.665721
767510.156367 -585585.346416
469014.744502 -421326.694011
660593.065053 -895029.883889
-230737.034615 804271.349607
442609.842992 635531.797118
-738599.232821 -109323.141932
681441.668703 -559175.821645
-8282.287376 587824.953376
315053.728987 -582965.055426
894103.630691 -494470.946819
-397081.852043 10366.570943
356434.674818 837981.648332
915375.638719 -974360.438872
89245.912674 575876.535449
-498658.892750 -670732.107273
121657.346946 -636785.377012
578926.186971 772687.202787
517693.976635 -336445.461682
727796.624897 -213255.422701
-254621.529062 -123230.148204
918142.045691 109740.268177
-363437.135746 -470155.570072
948365.174900 -793205.965348
-894323.603619 -979269.961500
406792.576600 -955060.076470
460170.994716 97837.019376
-850735.152635 347607.899344
-997403.443615 -279117.360308
-673204.073898 517035.178606
650598.817261 -230806.481923
-674007.750551 873760.614638
821689.649719 -526757.185895
764493.752637 -574291.010198
-896902.357616 473509.915013
291683.454983 242083.436993
911575.510195 859061.605907
487745.440759 -763271.974549
326700.935091 140867.506721
-385248.790122 -796417.289671
934713.992386 -371501.745799
174543.903679 -839660.925208
-304789.816792 -601119.637984
-804199.588493 196212.935367
530498.806349 -958633.810567
704624.679512 -990555.317784
-132910.558979 12157.662102
-191062.084422 742872.768151
842075.187089 334408.192032
258699.387406 -416640.459111
-980878.373825 -568399.787038
56461.738852 704243.520393
-271887.540656 450316.010705
617479.126525 -762398.383798
345706.817811 949951.480790
-487249.830236 -388645.918773
923974.746510 -85129.785241
-413676.790594 -550217.144640
262487.608037 861920.228550
757943.316182 32545.934887
448947.396453 -24236.379451
-292560.906033 -116866.268792
972309.313669 234630.602841
-829400.189531 752711.634642
-762597.579576 849017.398981
-320533.599504 -586377.249428
-30067.177316 -228041.609658
303654.842280 581697.715813
-923635.388327 217442.356421
515841.320230 -264163.963504
654044.463878 -137418.773080
747587.295650 -607627.030575
357416.212755 999894.232003
-555642.267093 -451081.155455
509000.002889 330834.907700
606243.527405 239507.430618
-176464.026471 -65401.672964
-912521.341831 -52024.359098
67451.949027 -447782.345718
554958.828746 -623346.163362
-127028.800070 727520.825883
3786.611250 -809991.772107
-824262.248058 126587.061301
-825003.728108 359686.173820
-587888.109802 -154444.226117
-589815.277155 -27082.409522
572103.382274 819628.325625
-690706.243415 530280.468877
552178.415337 -867175.083325
-659789.804246 562904.583760
-140041.696307 -870115.348378
-305731.499164 411781.069622
329924.410509 198637.850478
199569.861279 507337.510670
862116.984216 -987832.025483
-881432.800575 752659.543376
-277369.332480 212851.560758
644330.282901 594019.537148
23791.698252 -221963.125667
512853.891794 -784917.896890
-99377.951217 -740544.727109
414209.581412 692941.260069
-402299.134789 268126.061545
-83342.407343 611205.839783
-41133.700104 -574612.495531
663324.497789 171173.445407
-58487.838551 969913.260357
-75074.923433 -954424.247550
-530919.716008 229639.206764
-858822.178575 221834.200506
790402.750822 342303.710634
728178.161952 -782332.795465
-734890.961063 640952.326566
578956.658015 645038.078079
-378514.208805 23784.427057
-717218.897575 -247645.669195
-410770.640632 -687526.690913
939605.851490 -103229.838005
50785.314336 637946.164124
697538.416192 195689.962200
971570.190133 -484797.205186
-212908.065814 -986581.052672
774645.215073 739599.522419
-30612.407629 771203.100715
832228.291911 -158546.831910
-986758.350848 -102354.980178
856658.845155 -230146.648558
49298.533600 584525.151252
771850.271460 66826.731518
77238.056477 644371.944559
-203698.576933 639955.854501
385523.324249 -621244.116883
-737216.323143 918240.282980
-538966.194576 -60355.969887
208248.818186 -562292.371967
30183.346464 381282.578303
260550.873621 -652592.124520
-2672.684822 511892.693445
-666788.201273 556018.393519
301545.451469 -239991.902413
717304.971121 -309184.339845
155762.926022 708371.655285
846877.013558 -763944.587690
307779.868324 704275.939118
-612161.564741 -546462.579118
-113452.558568 -639837.170551
-747756.124321 733830.887586
578478.865021 -664689.007162
-76906.302218 -680841.337807
-200937.695123 -640208.154393
409019.228131 199846.032788
785079.033966 291422.130453
-325362.183697 -560518.313813
746946.023318 302573.026514
221843.456166 -151218.333765
729879.660232 851660.338039
-676039.433950 -182261.305980
-124818.755452 107473.512587
944808.487938 285754.875969
-493073.198369 -820679.438755
-166123.095269 -365039.306657
-111275.842196 -147079.872274
-754963.871380 -47424.782428
-678291.246654 -258868.919578
786569.494168 -393910.415561
730778.564409 -951515.296319
-979025.638598 -379834.819605
-338161.444779 -935250.502432
-333305.349890 -357123.122237
727340.662877 159201.170493
805993.957747 -794090.173145
-461342.877231 926535.047771
161969.697864 939150.238490
554261.127950 -783067.191949
363045.084575 247827.807459
-517870.176151 -386919.755054
-899841.667041 321138.601472
-581519.707708 359922.694604
-597046.457164 -278551.159564
871087.194145 535066.477354
854888.862400 -916539.874164
887232.324409 39029.955633
20967.952678 -119396.575820
954549.285980 -232114.823108
-81069.724651 873016.827196
544365.018188 -906212.532820
-108144.347073 35108.799432
-342456.904720 -928205.526067
-480148.524452 -612563.734709
485098.076091 712326.128669
616999.309291 -426435.622624
-34263.137676 463226.208220
629862.800504 773900.636336
-989089.679941 -204309.575536
-490511.144008 -507590.506311
812904.497830 358754.987718
-829416.677169 -356152.077817
-95812.272279 397949.832629
394390.451923 -28536.680316
664896.036705 630848.282935
57273.748274 -538760.083834
354090.944921 987245.656570
970612.689103 -321148.555233
248004.724648 -389099.710229
-167255.704203 -931889.492955
-729034.840543 555076.343086
542688.161910 374084.395922
793230.666894 893495.969676
-232782.730940 898884.150566
-1708.285000 61116.944141
-867226.622168 731414.626071
542138.583976 -862637.272632
-973494.567365 -599421.231339
991059.496045 -438753.476091
41037.377250 -493422.148510
823142.693112 -605210.778924
-480012.989274 -868420.033886
317838.187299 353002.568089
-853322.007433 -381214.632778
-412322.738400 -391019.990674
-686442.569914 783507.467802
793330.231568 -438400.918500
291800.505657 -586504.736599
637030.661334 -910935.657094
-462628.932536 231643.633949
768455.560502 946163.541526
-715704.859100 365479.577043
505442.449917 -311404.892849
-850259.173911 -495487.679165
519643.203570 -931678.165977
-954063.221942 -287045.160201
-397652.607663 193257.226518
963884.397198 252177.659056
453595.847970 538835.971328
584067.989335 -690602.740620
-394906.610093 -411662.070403
-798153.847532 232129.766777
-832255.943589 -959021.436108
-364252.745035 633352.165399
-714531.029589 60663.329758
777231.037813 144720.068411
-464347.551191 -574014.454554
748782.558188 -400078.380870
839285.962749 -461928.394185
-793781.111166 -188178.247470
-695508.156477 593622.575440
-255306.077830 -452590.746135
-801970.776222 203388.691070
465851.598364 -164022.376146
-122208.206932 636153.171040
433775.922937 -362486.072399
537544.759753 -386891.399342
816357.227778 -877079.567174
-696429.788023 -438177.244238
-590053.955750 702011.982253
952391.404910 107917.709205
535236.761634 -239149.771452
481578.611089 -628862.631249
635767.760940 646886.389866
636461.931144 475983.797892
-611233.386816 664356.313791
-135828.127765 40953.694527
237974.991867 -137839.446705
889913.799032 -492696.554062
451501.139256 -224056.100037
-488314.483408 -739115.235132
244490.622838 -460420.612946
571404.952062 586553.639875
573462.437201 290648.854574
-107306.929221 752879.432570
-556245.167910 771222.883972
-714855.434357 259074.784705
-118083.486610 144442.621351
-949362.780067 21886.369953
-741985.405152 255809.310321
103208.315142 -907700.979748
-149623.414280 145589.342035
146076.065290 290192.519508
3292.731928 699270.483860
-304861.235201 -587817.504275
-846799.254752 -629240.266821
-956408.923967 823081.437250
330236.500637 -749870.923247
-488735.963415 -785704.499012
-7036.889880 -369336.317472
-664979.929799 798619.415966
677533.412708 65095.835210
-689020.282464 767076.803098
79475.953992 392062.867224
-158111.255848 931902.452041
557404.842063 -451327.452278
769340.130595 -753211.561744
825022.001246 199955.090490
867649.464917 71559.428935
-57284.565129 755418.793487
372268.013413 -996118.948413
664673.204348 435680.004474
-316592.881771 80303.053352
604343.906416 250382.638598
384917.225759 889905.423508
-185050.449345 -791599.866859
-553910.423165 398763.076166
818593.832505 -524804.734515
-87677.090596 305283.053801
-312482.703632 13825.057854
776489.074015 -212054.961835
484236.056231 -175555.303085
-505511.064813 -311677.680501
-402552.326062 -335953.652289
207312.705051 422055.595044
-298089.394968 26875.835541
-682712.372754 -686281.277870
-869426.712344 -608916.034346
-289948.828186 196697.698676
480691.073727 -872181.127814
-21726.890572 560824.314763
-261758.114619 585431.653397
-635572.975312 -235832.089926
-487545.237942 240139.423828
931057.490439 317680.777261
-401154.500302 81618.650341
-496604.793954 404970.997753
-918478.971499 -892587.255662
-545187.654062 -954460.335558
-970383.826494 -791801.425890
-888775.803787 -197326.792262
24994.831250 -795641.899433
-200074.911609 -59763.904595
854034.888949 329696.714163
-617984.183572 -965933.175254
574515.578512 945832.778484
-558605.185801 -468472.118112
-236635.180410 -326786.887282
881412.214877 124506.034969
-953919.296298 698721.724933
-183775.018027 -572578.065446
964441.930632 918093.733735
-255949.897882 945271.568635
-660850.632314 -22242.621807
759128.264520 -133273.613652
-311851.062059 638426.519298
-909672.615885 186963.392269
572092.374189 726547.600860
-984548.436959 -381083.729464
145153.250861 -411297.419144
213207.068405 88271.941396
-326516.086052 342928.996883
-533356.958610 703596.184324
865862.860699 -487512.717712
-339381.460323 362537.081767
-615567.017471 -90363.283423
828752.442552 727324.071700
-520717.134389 943409.227300
-930842.923689 -104116.318079
-398696.371813 -504309.176318
787240.646086 631764.899398
-402253.753873 -725923.360049
965898.651821 635561.713876
294126.882558 -605085.784150
-410435.948172 89881.407546
-820172.347175 364080.952596
-179489.418309 -394936.909031
-459725.527721 327338.369284
107265.324780 -394170.185700
960878.426964 882989.710605
45502.556637 -40202.127725
1385.330356 69469.081310
852645.134474 13204.310525
-953511.855213 -699269.858895
-140973.733296 845126.546599
962168.569624 998029.448769
-12147.312144 131392.256472
-941533.824563 960978.132366
-305585.946333 515160.890366
-286394.892008 377666.751798
-884947.475634 556217.283641
-591539.146611 420368.022012
-784986.114118 513741.120264
63550.787417 509197.600933
-292114.716413 -960398.287834
-613766.805289 655770.040648
-481727.688724 -116606.503064
367329.504577 477075.669009
14970.201995 408229.716801
726350.047929 -39681.894405
-210199.174432 167879.710493
-218685.250354 -261572.435514
-333240.166428 -135363.007485
-593062.386024 -780551.606163
120337.403755 392671.377582
295080.327316 -519700.963995
470050.369002 258393.794544
876865.607704 -545838.971564