150
-201631.135438 162469.206716
245999.199832 652037.345582
637905.982963 -560326.998514
12400.724430 532378.314026
-551457.050390 -963154.083140
-708463.407531 582724.790500
-726793.813287 307530.238480
-296283.275157 -420383.520894
768841.745702 -114683.237740
-344808.875676 -989945.378365
-284214.965029 985296.641279
430280.225889 -240820.370492
940839.333760 -936745.985086
175631.618181 -664074.014303
-885335.279477 -800917.330048
542000.728392 285433.166263
151680.933789 483410.486963
-977513.510345 -591406.215637
-420772.674930 -494006.813807
-33245.457922 -520688.528075
338474.256655 18.855593
-132913.286161 -151824.352865
-331320.919115 -967404.546994
414200.042142 -666582.439540
-721493.069025 545695.734044
525625.740383 790981.266299
759428.448326 251719.150876
-665354.866676 -744701.226940
-721323.451188 381885.934533
642222.942312 -76435.308079
312861.930610 -565046.808157
485577.376096 -255713.978028
-659987.022262 254688.699122
19521.722002 -346473.349954
-509273.783271 128755.566715
244913.147712 -280066.174438
274299.472933 -988740.922613
628387.318933 942606.487985
-715042.579276 -901380.821823
226125.646467 67517.303665
-265804.888629 752968.349660
-535236.948263 -463349.908894
-282657.351241 -449161.207416
337972.095304 769255.414335
867957.985193 -507345.152667
-310676.686299 -570336.980935
223571.526211 535838.230472
-512992.286713 -115052.093266
817074.216460 -769846.792660
-277238.926489 -713423.872976
866565.129510 339434.952678
-847141.424158 762629.830743
-422838.036040 -993232.093169
-537416.351929 133663.098284
848898.714899 -376183.939711
406937.859397 248208.139130
-551272.613243 909991.103051
-293943.025677 554576.256220
-383899.492909 524040.292205
-640274.133749 641565.858409
-998770.240470 -185955.589621
-60924.276559 -191131.957305
460785.781267 237751.308004
-797144.594244 -499274.067995
-394342.880322 -538884.112072
-536401.914590 786033.366626
728977.444134 -798615.664166
488975.877057 385580.321813
-789473.990681 94112.433157
-910921.426840 945789.693283
-986095.439939 587803.889027
625710.035607 -624159.534280
-114653.843281 817373.666111
-7416.271837 777193.416754
672893.116567 -571665.283722
-852193.845342 336679.591916
-146135.608927 666072.386384
-293668.059268 -932439.916253
-890324.506191 275024.091475
-147380.888371 -83400.075083
-83147.662536 132498.160929
-956138.640455 986606.220838
-988570.695150 634882.970234
153100.553602 813043.515005
889824.996167 646724.651756
473994.165229 -427813.016514
-956160.798632 631384.756827
14459.688755 -186568.207026
995673.439193 297488.497079
836961.673833 307755.926919
-736758.368131 -230286.862407
90140.291248 -810954.822931
-479981.942842 346411.934975
235510.216086 544196.359676
42029.826830 -305848.337649
-255576.488613 -303769.977244
811117.620694 -679110.624019
46957.083754 -326124.674344
-264427.290864 -774497.728111
808417.474387 733747.994805
337347.881633 -665530.834308
710191.334620 -779832.858569
164907.295090 -674527.257111
431719.314250 161826.620218
480807.773283 389545.201203
-741710.382193 821968.430556
781012.575847 920244.216006
-84312.108316 -66833.742376
-39671.547097 354805.857844
289191.591095 -619721.121378
-606823.764759 -12143.734328
-374202.463559 -433192.634122
684304.430150 -781572.218114
789109.268589 973051.550305
97675.462304 -341771.091987
-438394.636721 604821.412623
827119.204533 -141703.537282
316633.981204 602468.259888
-906129.023435 -221127.120152
82647.775438 -353908.602537
-335330.116371 701073.853402
-251782.697236 595678.160222
776379.213299 -829176.133023
520617.295166 -581849.840486
-13155.570752 146984.064040
-661279.730630 81687.021999
502166.600349 -212434.486498
13354.336136 533229.620413
171014.741146 -727496.039812
960719.181203 -496295.787042
-539102.673067 698511.037915
-216222.636617 -998288.455411
105268.695463 830713.844938
517442.856995 -822465.599667
-705043.806449 -719004.615618
301383.883361 -539572.298952
-321759.451965 316642.282298
-10690.092142 544834.155223
638348.678744 -95001.839222
-416617.176672 -604454.983158
-533652.719358 993134.966176
671309.248789 -509756.307867
-38448.676258 940391.001796
614543.272080 -580763.336859
-490468.328611 232297.399234
-284655.206765 867001.809944
516796.223178 -954128.942450
-681118.980836 842825.121187
-935618.211466 -911219.857163
-582398.602668 -569757.929782