1000
831689.816927 -757532.182854
-798941.391746 -197218.805126
-817775.867709 731543.462904
561153.662521 540443.628436
286835.586920 876073.734578
740611.682036 251829.757197
-169809.322149 -960444.734053
274010.133236 909607.248776
518328.090331 885566.658736
-657174.087235 -640506.754890
-512407.485821 214264.283916
-508396.241898 669027.909765
-439414.578900 -400670.082463
-494532.037742 -556861.589906
559767.424761 37611.599832
403013.453716 480191.597902
-533163.259612 -568782.402647
-202464.242557 -492984.993607
192597.566490 -823612.497358
-193669.817406 660088.932011
-219031.377934 -825608.102746
-572099.861333 -978437.630148
-121602.524796 -754615.978781
90580.199496 622109.498194
516856.079983 191688.676366
873886.515833 564845.739973
767584.031300 730799.428675
-401943.576261 -953222.374449
-629109.049184 580006.093457
572375.100132 487334.904373
-537712.503169 -924325.573363
-948362.778757 887738.464934
-344872.797933 360350.381954
-577981.282258 -670828.653291
603502.229880 -906551.140435
-754618.680449 -548525.052759
-828323.078019 -203881.194963
734337.730218 572494.612418
-336847.483779 469850.094530
-490936.836291 594343.946432
693292.697448 -663388.192913
-152431.577594 -59489.429894
50220.387472 700516.260832
347401.369074 245732.287561
881808.224936 907508.279671
-318480.890440 -22125.752411
233948.878845 -478490.440086
-700341.469224 680850.911645
-593776.998567 -519021.070294
-470186.161112 -892647.396781
706080.336174 -765010.645813
282949.060446 724475.956145
328836.875602 -204812.508642
838770.423562 280718.130506
-906221.720184 410651.719328
-986731.595235 -677068.326188
-825529.278540 717527.364232
-275389.536042 780764.912167
340436.477808 -234920.701429
-113252.703108 738817.646166
549922.802904 -933169.826401
982904.481824 760228.414137
780585.050040 -934148.539990
-518625.298420 -736970.882533
-398109.360374 -796709.665427
-311847.434281 522047.162763
308722.553089 -432503.180616
-693228.058154 -463959.414995
206553.214844 62136.733064
686230.132655 201435.992418
-518732.917012 -80560.250314
746110.818970 255487.213388
-426629.731114 -742102.912782
857312.565534 -628002.193628
906423.142312 -830144.451794
-255659.640772 78858.316772
25200.447443 -481880.117732
477970.000613 59452.169471
-888610.790541 -640270.792101
-749278.306618 -107847.336512
-382358.047022 -859759.050597
422178.485388 841970.276318
634180.915428 -709341.257937
683683.190124 131253.095788
850929.896949 -257368.770279
-540298.095722 -488223.518853
-989710.063995 538916.620365
-898323.587455 -894754.226784
-897871.481802 853861.552785
166079.630245 848836.798861
594618.251522 414586.921848
-692172.439378 128801.347728
-19220.401940 -792556.293792
-12600.636675 -685976.672105
-424949.616392 -503946.216005
680063.636892 -410359.946037
-895059.212009 97769.687492
-239604.502240 694154.311952
-735407.210592 106876.005107
-3904.860523 -926175.598646
-211201.412587 -732770.607163
63677.980468 954981.878569
-308011.492214 503127.190088
357065.250404 -847759.844100
-846288.757965 -214420.225130
704231.423345 832036.335173
31114.745303 985698.602456
-16882.181145 149843.708451
-889784.365066 183063.039888
-318261.908169 472547.408490
-588100.940432 312638.551702
380947.869734 533421.960198
-295348.600747 294766.720208
949844.842879 654605.284233
656258.343133 923349.129014
331276.066919 -973877.103065
-663059.590325 -148723.061656
-878564.290362 239847.658024
514633.751824 -650671.678988
-573015.008303 145599.730963
872523.855109 455276.198029
-257527.818082 807219.507281
973154.370482 -622055.966746
39393.017049 -281715.409269
-405539.137379 -143849.497247
804226.345797 -194691.676229
527377.190439 994880.284929
-869708.019817 -882408.886245
95684.427416 -309767.757151
263189.663960 -97753.634134
48380.692481 -663428.814757
316584.830755 -696088.875208
-552831.240581 -686105.914443
-829288.955048 58247.263081
74631.477825 -518488.359306
-48687.743098 835329.218340
238508.952489 565264.638694
-180521.668658 405281.323351
-751327.569768 -286411.531842
100291.677128 967214.148773
697143.240018 156451.872495
243052.916722 -207433.597737
-480362.958342 126536.540469
355574.726310 -781719.887390
-580846.425301 -320264.703275
-363898.229040 934386.717111
-654397.358365 -743734.840855
-905722.617286 -940871.913635
139487.887130 499500.075024
942986.926555 806800.991389
944181.886080 889289.408929
437239.347934 -291412.565328
792150.981844 133974.119037
-44898.735345 -489162.763560
579710.708059 -836163.848958
-70419.631697 -142036.423243
933947.068312 -566234.188272
981524.524908 -119118.278003
-280060.811650 744358.051224
-130937.833001 768562.393359
-78850.752946 -41727.083617
-694675.407996 -779303.728124
699441.405641 91918.303148
-631451.966794 -237115.676249
-91177.170286 962439.997832
768848.282331 -413937.015122
468016.880136 -916494.374790
-956465.791193 556904.741019
209541.164369 892756.149054
-660129.723055 -342816.935983
-973693.254635 -714998.376344
161876.845743 551090.350640
123044.458733 619624.739957
171635.110892 -308993.575377
599315.644463 -553737.240043
-289968.327345 623160.045823
-752336.611437 556273.005216
91106.015409 517889.155834
426483.869044 570875.821459
122670.635781 437169.776607
-741866.088196 349871.212818
-193198.700875 515461.693020
-28584.512873 698171.138150
-675888.645962 533133.316887
800636.063543 -349419.011732
482959.755627 -534091.035642
-930349.455589 462653.525583
-135357.650467 -615944.410920
-203424.160884 731135.734632
-683568.819530 93303.083341
842603.512733 196259.492266
-316602.910182 -27018.857260
635514.969631 87860.620513
803013.738880 616606.387408
-959846.931486 -328498.931381
96640.077007 -121990.045708
-434063.505101 609391.680055
-534226.002237 -515263.844669
802121.612470 -83969.907951
-292071.631678 -890938.011781
-19498.308270 -792177.577570
-773782.853108 227418.329048
-825803.853903 -651182.495093
643691.994768 137866.600793
-141496.376940 -852754.370665
161093.454477 24733.786866
-694329.454953 430032.509384
252605.960233 261931.589662
412666.012539 210634.365339
-505048.020282 588151.558202
845579.646679 635506.143950
284318.351213 265623.529220
-774010.634551 639334.303120
-895700.513963 -679217.825167
57710.136791 626757.641007
-266770.829909 811630.347744
614464.630022 -812816.084650
-186731.650224 -242493.362074
309701.844383 -697846.440609
-453220.422423 -345642.998284
384847.320149 -409095.606643
542639.076321 -190657.398375
-308736.090931 503306.865283
80265.300644 86802.900965
429134.301578 -394445.553002
-716734.201482 -578989.181539
-651563.587394 896575.908849
955368.790843 457145.618307
596777.331699 -193719.132030
-630352.135719 -547727.002294
696898.892083 132394.179839
-527286.897180 420353.913439
804130.658167 -610963.729297
-701377.167253 -574133.365006
-483961.981990 -370152.439858
2617.019020 -249626.471867
-57990.647116 187134.876309
258221.460895 925454.795871
-105898.345784 673881.368964
228712.850681 -647359.276057
646430.822887 -130437.477664
55413.539421 -743377.975645
620233.633252 -52713.491969
970437.595695 5610.709779
883026.016434 214235.762938
961210.863091 -294019.168035
671035.122498 5205.038507
-411559.553712 -305839.163125
-720267.966135 -827700.990158
626617.884230 -859846.390987
-960902.030795 -774953.596061
-922024.711776 -366627.391286
-606059.690451 -120553.951771
-125478.225711 -175123.819192
879640.332415 -214902.164924
-423248.084999 -557638.387013
445405.908218 13679.743149
-573201.404528 -219450.752686
89579.550779 791327.727799
762338.533681 674497.562037
-630590.415991 63794.956743
498572.134136 491960.891536
-401913.332143 258993.703233
-30501.706815 -482358.068707
-558347.457254 884169.947262
-567279.339974 487626.426060
441506.670362 -898061.979658
-942472.291345 -321367.654439
261017.308488 584045.228977
-850873.357855 -867943.337943
425500.800394 -788604.082894
-235120.105914 591219.828718
-474098.465309 2925.642425
908561.042760 80206.392626
-679068.484242 247903.403751
-759558.759246 -926947.466898
644318.288098 423318.487650
-757006.291955 -469118.138053
86329.861367 615932.309395
-968966.895588 -241852.599994
-745621.619290 -167160.709273
819704.922823 -492294.130342
-474358.339470 -531439.013497
-856010.099060 -799745.037954
972274.534160 762546.543301
-926661.472260 127149.455941
-432977.004263 30695.761786
823135.407776 -829072.833696
-243217.799455 -55793.749266
-503539.763820 184222.415801
279255.639436 -573020.694263
429433.379257 -630136.565280
-627127.477805 115760.220436
-373637.213112 511767.655132
357349.928530 -874173.048742
-764783.229921 665441.717188
140578.831345 209669.796769
782365.306326 678826.011779
-957806.296989 -17079.906227
-986288.672809 548186.952466
540733.101652 -789685.463563
557044.528950 815146.019626
110114.247551 -364047.475944
-445985.412606 904872.391714
-968430.354081 -926146.031660
-677859.749392 598523.122097
-912234.084113 -103442.499976
986128.933498 -865555.139440
-930728.934874 -771030.660113
-380659.257216 677878.265083
800524.165745 -246331.110228
841775.519485 -244750.042056
-946495.639356 -537076.148015
787953.102276 271876.451872
883493.117061 131010.475679
10552.138597 -570681.535236
-118751.101753 911537.575136
-540254.892108 -861168.414642
256665.598396 81790.502558
329844.594563 -874796.107153
-532024.262618 987071.236335
-253836.249711 468894.986314
-62796.454467 -852038.181378
-766466.266583 38277.517954
-836737.739011 -552258.572263
677724.595261 472422.439169
774282.822256 264223.812795
803796.682664 -605256.686256
-931406.292468 -723767.018779
-656925.200988 -775680.523348
949332.191481 -871238.003201
-148490.781871 325007.875555
-766352.213396 514368.643662
-702698.236144 -227652.425852
824677.151972 -445126.343209
667752.381362 -785162.082868
-318303.442303 -869630.965805
-737022.781486 -457324.396409
-947113.660995 675876.994798
-538828.869117 966987.630595
123359.992212 -166660.041873
-552732.024223 -777233.288240
-780900.236100 852880.444601
914757.017246 -786980.148893
725913.095027 139632.782381
-160698.616543 -441960.396373
-279495.611574 213475.585011
-431220.159255 -746652.137535
377673.589595 -192187.317312
517263.432048 62996.429638
705366.030731 -670843.965866
-672396.457266 -159853.599708
46331.591472 343296.115834
249968.217576 -290462.867481
-144534.192676 571150.301689
198844.489727 -453701.476079
-419633.963292 -862733.574389
684176.337249 -552139.044445
-618970.425780 -627214.396251
-763663.529234 -934317.773559
-164753.797692 441544.974243
-874846.277378 -326133.967607
590583.218131 635186.028276
750056.977224 24891.781052
77316.264430 927982.326607
847810.167500 -487445.984188
691496.958596 784422.037650
316776.175434 -103935.898886
834117.935018 843750.823719
781575.414173 -431636.034705
917772.376631 471295.596954
-772286.098394 511171.907276
-698389.296591 -699748.097352
296855.841803 925136.676041
-87285.266259 -987630.491409
730465.091974 -849365.994636
915216.262560 -515477.932616
497064.937600 988461.851254
961549.455351 282189.281247
-6891.697570 -585363.404759
-336899.490166 -990692.525395
315580.842741 -991781.554792
-773939.440469 741538.706266
815655.270949 21835.733461
-888755.227841 268509.908259
-423058.534293 -725796.512682
-104567.266660 569453.143891
4395.062970 -230757.674182
-529975.206769 455694.172572
81886.302705 -292876.859499
-89058.007690 -383869.319427
-413891.686820 -282628.925481
-129848.122865 -125435.505752
690791.332146 -358713.174648
490051.795511 -793394.574088
489670.301227 993546.094699
533544.426588 -629248.361964
-327145.638761 325367.406888
928274.878608 -885154.886379
928948.654347 -696986.944772
-925075.566652 860461.176831
-139003.864017 -228330.400944
-43423.303861 -555436.581081
-262909.623974 -897242.445875
-627276.065954 138775.038828
-584267.248163 -647552.123379
195602.396687 656625.630619
-810273.806281 -512912.524761
-158933.567145 -83455.532201
-60598.277694 859492.036910
-361924.700840 -636276.348372
-177862.862031 41096.153637
296956.370103 758244.933845
-52809.418932 622389.874980
-460855.257155 497896.720727
-817694.919256 691514.119903
929838.471882 31661.670226
728361.291997 -866996.697900
-753553.670164 -892185.684988
407712.852963 39141.473251
710696.916873 733130.814674
925689.445182 -283514.872084
-25050.445452 226524.289233
196380.728008 723133.766391
13417.426596 -621436.970960
471833.480195 -218969.598495
-847776.460572 550265.959391
630440.717218 247453.579162
-84198.420729 974352.857228
-736817.203343 -376417.977002
801170.238246 -625560.396639
260165.788395 -256505.055782
974279.406315 831968.137887
-480254.333176 870926.208329
-19070.669591 -396672.278832
631049.365216 950031.374017
-770778.845954 70695.502455
-79171.447526 -875433.933803
-525380.651385 362098.914235
272050.902523 400791.346819
165737.037232 19363.079226
460064.096084 -216631.802860
-593909.996225 567069.201884
120879.042981 -429062.590959
-51706.136156 -565636.150608
-97588.005030 274956.441640
-607050.684282 449319.877658
-160032.540286 895555.765043
-95817.824266 -919795.860210
273652.519096 105100.665418
-536924.580858 -53311.631925
433103.312756 -62634.056692
-15319.169855 677237.480290
-185614.644928 714660.739440
-129572.901708 -857667.052975
-384835.671749 -902707.501320
-822554.509625 880696.753477
-239291.303490 -986195.430042
167967.786916 213060.632342
-745722.250350 -12841.517503
-466907.476150 292187.123564
-54180.003430 -713095.194835
551036.740775 -437502.706603
-479533.013039 692966.429351
-555683.461066 -267751.278507
206339.835234 -727002.407297
-538241.263936 365505.865905
963968.618486 -457538.589119
488687.754148 348116.956118
472188.158379 619490.831817
-784662.985894 -487712.545101
968561.084924 33710.299277
-152548.771526 983286.639639
938010.075791 -494944.507804
-845341.522717 938496.749204
690575.647691 580684.403044
-175189.856773 256695.511851
-238093.457366 174990.019976
400594.775241 751725.857234
246609.640246 909110.914879
-64923.498321 547610.586471
-26114.034464 -616180.766778
-273439.391082 437146.151596
-321239.771400 243036.149122
740894.577639 684033.533792
-725896.319090 938180.458316
699838.640720 -319104.799398
-944423.070473 961417.834468
-490766.587447 188483.985146
-739287.621975 100221.445476
714994.778914 387879.586745
543959.781072 -132918.809559
122473.512724 -781035.187338
746745.418987 -284016.467429
420860.813867 713548.232970
484770.253794 101560.095000
-715282.896058 -80931.695956
-985944.434909 785063.162520
264851.633775 -749600.315847
334698.478912 830530.971830
35248.939045 -864402.890588
186918.499139 -13834.721827
45651.422326 931213.099550
977058.306300 474332.264243
-829140.346060 -458872.098317
398159.953227 -923861.505421
292065.648516 690493.453988
-700420.294565 834033.985606
-425243.253788 82189.122060
560388.331004 -363235.685280
532944.040418 578753.560440
452876.023791 313962.425850
173709.042269 416114.221621
831384.369252 -988444.955716
121212.337704 183805.727865
-58762.460484 -712420.512734
-396686.299194 136032.574460
-890322.489339 -259309.111458
-326827.042803 -444366.619011
-292332.101960 -705363.698083
-34106.488805 704004.649103
876536.683691 -263497.482595
-851898.017795 -730992.929201
-356588.271677 280915.934362
-859266.307504 -864881.365803
74570.308220 769164.676500
-329879.225935 638101.434424
792210.669303 -714012.130799
-42565.171195 -801966.123925
884210.485012 245218.864729
-827221.281524 -741648.993982
-319831.281886 412073.078218
325217.792829 -773046.016625
920973.600173 -935584.097344
915312.527486 810881.038771
-123851.684127 -593355.503035
-635183.473485 -345771.483133
-596681.283262 -826657.423684
-630537.738189 -91906.475577
-358601.084504 -751737.063859
-823820.267501 65489.412445
-964775.895298 316848.073555
-437417.533195 862252.726056
250672.107834 20491.313972
-983474.462683 -304600.513073
521308.088345 140489.587805
-18160.776303 -734089.659184
-739836.097780 -433669.735467
-363450.236346 -935792.906966
38701.740768 -931422.349048
-38017.996523 857381.252905
471004.049137 -780540.155363
-360510.839600 332551.694812
-875256.310464 219583.564895
485130.352857 -586408.832158
160326.747623 -755747.378604
45710.815232 -763594.980495
68471.688169 -770377.744087
-549368.698114 554781.649062
841937.561904 274950.399959
208212.333104 651364.783556
-718791.862921 197310.784716
128925.601250 -600297.396156
271029.711791 917086.218466
419622.393689 -978166.041785
642675.970907 304110.875721
-876591.283428 391020.920277
-416538.484942 720634.256140
991391.994491 -926973.540799
-829647.806985 -356231.615930
603207.478870 696234.291698
-424409.779228 982352.358344
-751314.480069 -204273.574333
80248.102819 348714.414275
332878.005213 807641.477651
-750891.847443 773366.714362
-703777.111173 -205175.248281
18331.708441 -899654.646186
-530410.361842 14767.573333
-736061.904403 535245.273880
859260.805615 -305972.470279
-556101.905210 161887.396814
191199.112744 -605395.020670
183692.989377 534998.269270
523258.105865 269581.709062
-995889.811787 928348.620260
236463.643692 -154859.300012
-731944.128732 -395956.990122
626292.406772 -638314.795502
706154.618423 -996.220887
286056.996446 346534.124668
35864.722280 -367009.287897
190604.997767 783553.880797
126554.232193 965681.448473
344925.827868 -673923.375080
-487128.313398 -203630.911221
-225604.706132 -397339.750242
98567.160433 58588.093851
-764231.677700 -27877.578612
784400.826452 -104916.830911
173013.211054 939579.275390
-756501.569137 -483535.135670
-175310.801023 -611206.268575
438802.212848 551684.453576
-138201.697757 -704480.278301
-560775.649136 373333.143196
127485.282373 -977565.469893
-610755.291430 352164.415753
527841.656765 849450.709506
736996.637190 -380024.792901
-667450.730114 937368.529093
204156.226751 -316043.561027
-922981.317672 -251627.205308
694241.418321 -42945.864062
-777930.797832 230150.933937
87729.940321 -33409.493080
-196828.940601 -666136.689675
-719642.773675 -442679.094118
-408449.844446 148159.889589
-59542.505880 -764605.771084
-479609.693526 157511.421087
777930.547622 -356943.333558
-761670.187707 659105.443001
-590773.345212 443589.531802
743902.284297 302961.291021
912830.484248 -225635.959713
-914325.090828 -760142.930453
227126.249428 412797.502675
-835724.058786 343316.326041
17873.105356 -734869.472363
-296456.119573 -501087.945917
719140.464313 -771669.865669
96219.134887 588792.169659
228790.248067 354719.873002
-85267.240900 245759.076468
-952287.930544 -567940.072958
117142.378965 -365429.423244
647167.933236 563632.320419
-11785.175132 -376267.439166
979440.164716 597449.659317
-655774.327777 -916787.644090
-865757.175227 -243304.853026
-704830.568060 -882150.342663
581853.837384 437956.449929
-931948.547481 922879.761651
-481581.750504 -387980.943380
-416992.360192 198758.749036
668214.803938 -917415.791734
105104.284763 396302.034483
-4862.248262 -678186.203426
-824568.211897 558572.761929
381718.249844 191933.377828
-293914.688589 -963441.664012
294540.877917 -188837.343092
573998.938427 863498.270670
246783.905115 631806.524291
-234731.153825 368278.054552
202794.871419 610435.956115
-974728.982038 195499.260068
-830956.563727 466787.151158
34297.744274 -302964.114686
108635.977595 184814.039124
946790.845234 964187.243367
403000.758785 -564927.936242
-107582.101485 98462.768890
-817003.986053 -107339.879771
809948.089076 -246246.586014
-479052.121312 530838.222381
-847168.308845 -422628.736493
-913041.277520 -227822.035491
-223948.945632 650763.231152
352458.265627 -364192.441850
631460.231426 809039.687968
-672146.291784 177019.917237
291820.073520 585852.378106
-929233.693832 897942.350349
-199400.755011 430310.043979
-854622.181542 -786761.344625
750164.488177 263062.800173
-355693.798680 571282.203117
-537502.854756 -736277.382890
-902341.583326 208496.741898
377068.316985 137306.387888
157739.570249 -121250.042832
-361034.939517 937214.097262
870217.391625 -763520.711272
527379.083123 581299.327015
905092.472397 176110.669246
430588.202833 -90460.935620
-421737.304472 -491177.917173
-498374.630636 -379772.590037
-783611.754988 -165183.963216
797084.472547 634500.829425
-966644.239188 430850.597405
625753.541687 845237.483971
-808422.531301 191421.847986
3363.132868 -673777.057618
997884.115282 -246491.024236
842346.061115 47777.427123
207110.396873 777546.166536
302843.540702 882656.505098
-399824.117384 -852758.244666
336360.205924 -627777.913172
-997199.888390 807378.717374
-78332.525697 -320689.733770
-917720.517600 236161.174490
132533.792654 332166.586334
72912.859874 -282837.279044
138313.594430 -452122.080725
201228.453156 -349947.082965
837711.127298 840507.346770
-675272.903176 52033.249916
-148369.608230 251847.814389
-914133.362692 -708819.494102
857263.268910 -267131.428054
-556686.512390 -337336.732414
-696846.177213 960470.565533
-500408.198859 -444140.789899
788496.401371 -796827.381670
-52894.465777 -695798.570481
971948.060797 863764.811392
400684.745687 898515.387223
333854.655680 807483.612452
719157.831676 -196254.881362
679721.219396 -379834.653337
-600113.232330 -163920.380836
872752.887617 735612.663361
338796.282898 -587409.673510
-404022.973166 77401.147629
360614.876759 821148.349771
326053.364726 55449.671809
-278701.913574 -140538.046802
-454507.239618 -623480.770847
-457357.838204 -33978.925195
691565.489713 -646642.314179
151095.009324 -517886.992688
826576.299208 -785587.833230
-196785.788563 -227707.356782
-266282.713042 -741415.710969
-673156.897396 -155255.938952
-275141.930916 -448142.418362
168646.946540 472587.450672
-953525.740561 224901.234057
-151054.868878 -483562.064847
617809.744220 335047.043788
-133401.145132 300853.821028
984088.709200 -276557.914982
92635.194496 -485376.456178
-55213.046337 -871190.271060
-613747.751447 393418.926134
103940.738738 -182218.946766
-514960.799405 599248.552741
218366.721015 -609140.540237
-720039.954288 -110289.007250
60159.166827 -20407.547059
574585.485609 272722.741616
130156.989953 104301.869031
99905.149286 577411.123060
638382.289569 -59983.173210
-798083.856481 218533.033923
295522.727027 -935680.100633
747134.553539 717010.032732
-987145.895365 182028.365493
59850.231980 920424.674834
740092.200002 290009.392848
562809.634656 -318227.236795
202913.767393 -693567.296941
658593.992283 -536613.277953
173490.875546 -350331.546460
529146.200657 93030.001486
729184.766324 -470440.606160
-242714.644921 574097.613201
560544.355005 -353761.110032
-330427.943973 338959.616029
-841054.459511 -21137.294882
-39189.796979 929460.988642
645961.134396 -440175.917007
71208.980035 -487977.848168
571405.650783 336448.941127
-585856.594896 688847.368809
919825.576778 -160537.415288
-283223.921956 -739431.126427
736072.216949 -478828.014950
825054.277758 287523.999706
437482.828892 640291.872230
19863.341472 -63622.440543
621475.751385 -779121.961378
709431.895084 58190.645627
-616286.176600 335214.403019
-861766.924834 -848003.707662
-4140.865252 258208.581258
119240.836443 171560.700728
-308115.182236 469302.044630
341781.213075 176703.096554
638617.735936 441095.113135
-79237.196535 -754951.995842
256960.103645 -918318.579157
277614.125138 644893.284392
669337.664439 411930.966763
-205424.066042 -46744.187324
760415.314601 -768176.668334
-261392.442088 919444.731054
-612187.003159 806511.434872
-867483.192654 709881.824502
-93705.953877 532222.608816
810891.471649 390721.695351
-933092.507213 912053.419441
-868723.648704 -977074.169915
-520907.596276 513457.534854
-837905.667410 -802159.834341
914680.712831 -805209.408834
680256.183173 355722.519061
-60693.738393 390995.360675
-582233.906439 709356.872107
669314.200150 955687.274414
58327.116570 51613.565301
-689436.876984 313172.349057
356772.693327 883351.315443
-974071.651775 884432.319047
-925795.798090 333398.180920
529112.190397 -331754.866420
-418919.834947 998684.853538
205726.806057 108358.679449
-804321.990814 -582191.316703
-312036.644209 118186.684636
838117.417329 778864.271787
-820406.647362 -351109.111436
-9051.744690 -746640.192608
-141636.800576 -946764.875783
-518888.392851 557769.056532
-519873.910099 773407.959318
-224035.802438 -938557.261191
-38361.996786 531023.441999
560973.762665 170028.345623
423170.063778 595949.872983
807489.541569 -355148.440599
311357.276556 414294.541199
-468285.002913 291325.409209
449030.481500 470025.450087
-412866.519330 394216.363766
394598.077811 -934457.055685
15248.592079 -136845.611110
-904797.580415 588168.301727
338455.062551 -741927.086303
-697892.981633 791688.176767
-62316.957887 -710645.265549
50136.532076 -786280.937288
-30246.286590 -802642.466293
64214.927479 258408.353115
935800.283114 693713.320479
-196666.410366 129995.151175
-974689.732025 -988947.016229
-729326.217486 -13448.151265
-783039.503588 183346.020952
-503532.284147 427922.794622
-991065.851941 -774753.649521
-836215.487656 -645991.052086
-754864.894995 -647228.212012
-950888.108410 -899572.573878
304514.091847 327359.441457
402409.729193 -133700.500686
629174.960691 -921727.489278
473760.223163 -302180.066754
279429.977942 -752298.380122
86415.580936 648229.187596
-829250.264747 847511.570294
506526.046861 -626142.975452
676797.205285 -609.749376
557616.813177 983502.929393
84450.170819 -969896.684435
742372.592982 659677.990408
-167778.639179 -331507.701983
408764.968879 -848394.644778
-422956.721008 -37081.686796
585866.682587 -712496.379907
-141610.022698 -718564.885591
83890.858475 -424355.291688
-144244.269834 739274.019868
627607.438236 615570.485821
-227488.401812 362211.468128
-355206.103800 -408569.641965
626958.796272 -85831.419620
830496.384816 -527036.037512
65033.285489 -877170.626650
392702.152660 987868.848777
-123174.134592 -675122.343133
829401.235926 132387.806138
49061.533632 872621.768182
-288184.356958 327783.135094
-593096.070933 -937978.839438
-408146.031067 -140564.648259
-433885.233745 34010.084513
-522020.353928 -92386.769739
959615.636465 -351497.681832
978683.073611 809428.760652
777974.837731 404109.172254
-578280.830902 250192.916272
800932.753337 337029.916821
653414.396584 -247248.864868
335346.006868 792232.796380
-77475.494130 460739.651271
383466.837905 -421524.224892
812604.921975 -878330.784288
-433947.399354 -990774.088740
-272980.671067 682757.030489
-184165.505665 73617.270587
841677.914131 -718275.957858
439235.321752 226473.332186
278967.506663 305529.736287
300202.044439 25673.987576
743864.769184 -949209.605344
-811307.965247 153165.948802
932071.086906 788625.121253
647067.250148 -943414.642371
44196.203604 956192.844499
170594.195000 527726.333815
704678.666226 -45519.736064
-46641.385090 525797.787496
-947901.697469 81966.644093
16415.609801 687948.421032
980891.383816 342219.246838
524537.225618 -614998.972340
-821627.403874 891458.471800
-807811.740472 -186398.146067
-353709.666044 -231660.044965
69198.541555 327533.069472
-662188.997454 214839.005546
-63701.443744 -60500.483121
642189.232321 247465.899092
-595153.214128 -550483.802366
-514656.733474 180971.042006
784372.401728 151179.999192
371284.448285 -628806.573001
-44043.784634 615485.812623
-171626.598936 -311954.024416
-158199.703460 660000.063170
-616505.489987 -545939.475813
775244.213829 60128.538490
-912346.497464 -313538.108633
214475.579174 170297.705925
902336.356930 -458304.133361
217304.987809 -104245.263914
-497854.552004 212152.162369
-309739.229052 452606.076910
338206.361043 -364283.736811
70512.401943 917748.731681
326699.932743 -699886.922944
-911675.567778 -976426.796870
540221.882459 -209125.605315
620304.688320 614621.971700
614902.446226 -877920.479588
-808075.225425 186610.103419
-210353.871453 -505206.870247
923477.810294 -143103.922895
-373513.270480 -345961.944979
584319.063745 422950.311906
127004.843817 601228.217214
935203.234666 200051.220930
-50707.795026 -111914.975839
151986.982073 -705189.519196
-850876.892108 -534453.618118
475869.555405 832735.402426
908855.350845 -808001.512366
953655.264192 -13892.027802
747646.893939 -740569.948453
529898.462192 843793.644481
796143.958559 241351.745142
-109610.785770 -344615.998681
-739922.520406 -414830.870638
693636.584466 -186327.939817
650939.319046 -502863.760259
-35157.300953 -264048.074436
-714917.658647 -189209.433702
122548.770239 626606.040039
259302.614882 -547487.667821
-858585.943691 -424406.913694
354464.999327 -728971.058257
-729259.806417 -797991.728592
754387.583537 -627619.781535
973136.234717 -943631.689927
54906.246020 -770397.278175
140195.618926 72079.902209
-157273.322680 -12795.438777
24333.617299 -36196.106941
307047.932458 812460.716750
829797.188304 548414.897152
770174.218872 433387.178805
830010.831188 448526.594954
268770.442532 211857.199729
-769196.475900 558051.886018
241912.666775 -992157.853587
-846682.656172 -949740.390344
-10628.361885 432563.021384
580800.775127 111664.998587
-821029.824245 504498.802301
158874.334937 679383.875979
-805180.465526 565120.464469
597695.138521 601690.003476
448445.253903 -532894.060334
-590875.216807 -418968.850939