2000
-565332.681608 458421.484285
-454544.833979 865432.994186
127011.354395 -930765.995421
-21977.449117 369099.820782
784649.184434 955598.042350
-52868.270294 -404930.875397
115508.969729 -870888.275658
47202.609729 493180.790613
-988518.185615 -994385.303060
-61766.749394 400372.217936
-725182.317160 -270928.191719
-71931.592459 -570336.552890
-677966.020021 -100090.879047
296252.727406 160504.879723
602942.940131 701981.902577
-983272.292813 536311.655637
632812.282530 -390619.432226
935531.952652 237235.344838
-95162.906217 -722881.903642
-656132.105116 -872728.318728
110150.503289 616226.748286
-704362.059773 143928.402437
269970.675194 -426051.980272
-472967.229271 748295.267850
-707039.898487 -222102.976267
128186.187262 997931.491838
-531444.232744 886547.853470
202944.594878 956505.435455
450121.128966 -753329.667839
-237400.584316 972007.396066
513127.889804 -201121.245026
-99495.689689 931786.271070
40062.190179 9855.496838
944393.393132 226934.884381
110681.753399 -787072.650710
271582.893709 550204.634606
582353.754102 -313349.162215
163223.990743 -653310.791238
667214.972796 -361506.543365
749330.605581 -611223.519245
-950486.205054 -733628.491356
-945430.484883 730415.815117
956119.568903 743129.484365
626441.468790 -611020.744793
613667.293837 -488327.087628
185734.771384 840445.337044
-643570.346951 -723574.901533
921385.522064 -952340.647026
-671737.467918 215065.888691
-822757.088417 132840.659615
-267119.215638 664640.275461
-437809.989640 268701.836946
506782.089649 -213932.031623
-357640.036864 -469361.195985
-131678.939833 79502.499560
215879.558271 645305.338394
165827.479218 509162.074466
-720743.544707 -338596.174282
-761100.432362 -200833.517623
517038.519440 -14755.522391
-57819.660130 300532.252480
-771213.349282 729044.055967
379435.644050 345386.447347
-228864.075556 -668768.431159
272329.071576 197448.270380
-488838.558129 -214462.104586
27800.953423 677216.814529
11461.217270 465081.435044
-865155.179335 -644766.681139
38554.602148 -613653.040591
-246229.926214 -417738.173564
-602753.616735 -801802.544848
585191.936589 -178731.982923
-41786.945082 -977725.966484
256663.762634 137967.873056
-69447.451799 381685.814296
853098.194077 806389.267435
-700165.230412 335971.931310
580335.206505 408265.550663
397265.863444 -576187.088489
714129.536932 -708816.580409
-9531.616313 707709.909492
-331205.542214 344440.509116
-995425.945991 862712.922442
367639.841476 -325249.173454
-543415.603105 495145.994528
768356.181014 887422.007213
-24598.733436 746167.498455
-409243.605310 335650.741040
-736285.983896 147910.142176
-92758.470157 -409738.140868
198825.276336 765220.451214
870099.924385 683425.390946
-480638.151641 -436281.236676
245275.397991 767099.430272
684652.726137 -130597.268368
-539601.681739 530295.750382
60985.206396 207730.739116
-760125.394981 -120389.472033
51393.010388 -11659.495058
493767.566187 -988589.345682
-769127.693219 420789.637737
-856095.855843 -922712.163695
403561.748710 142952.002641
-796786.490910 -373412.407488
-92215.003429 627686.966554
-734057.062886 -377691.807262
637258.466552 700744.457106
-791505.557894 -665232.440661
-654696.915049 -516911.928314
515978.295286 991362.572861
-99793.121369 -294870.414200
-974007.805649 675461.187405
-448628.764872 667506.998020
334243.790022 -213638.467881
-818020.379969 -669431.125992
-317299.743672 -192135.071053
906208.936082 -440070.670807
-348093.771243 -248437.057332
-262572.425278 -59921.914699
565441.353538 46777.060054
76668.445300 452933.003970
-910549.585377 -952261.279720
936530.823410 -381666.244148
490373.140206 704556.029114
349563.308366 -403747.980711
-100056.748959 724024.984798
-398748.424457 -288701.583331
-12226.960093 -569502.574864
32895.517769 -810728.867461
29844.552156 308335.360708
-663964.495393 -152811.557039
370208.002690 560511.116567
-601203.594503 988886.127389
-642669.945822 33088.526759
710929.978171 820861.987602
-580930.942401 -817492.056718
581294.753238 122435.885075
422549.951684 -876611.897290
829128.105185 64193.351067
-541415.370399 -995212.865902
-812640.385858 -152736.549191
834749.595558 237915.539061
322804.657730 539306.627711
115646.811769 -353104.329642
721969.604875 601850.095837
-57426.576157 -688438.026372
337714.661369 655855.982710
198652.716020 461422.191531
562109.445752 -975921.273312
229232.394781 -800573.699391
-656904.534220 129076.155753
-517382.734771 -529099.090935
-156750.818309 557134.048060
-716180.912293 -194367.524140
-322905.520087 -387022.137861
553191.391824 -388977.342702
-447682.665395 489217.450933
-837380.426950 942979.651495
747087.526848 -889637.193456
170192.305262 -980362.034011
330338.773330 -368579.395022
94262.710344 -615460.651016
492460.491256 -487933.442247
944367.176282 248220.718173
915792.362867 -807515.753089
-716218.760435 -365230.219724
330733.984038 -715752.631924
339128.290651 -675890.052260
203124.787583 710769.514065
-871106.785278 984258.941818
-315984.075838 -873741.453191
274798.129250 -560319.055561
728126.591395 -49026.343223
-228623.920852 -198467.376069
-761920.665982 -324251.369925
477212.180452 -140731.924593
-705337.534316 247984.610465
-997961.876649 -20109.315120
-150072.081111 -633673.132147
994347.510333 -423862.315614
626989.460293 -457718.643742
-206284.298851 700929.635470
-957107.371310 100696.399948
271902.124703 -103831.204951
631272.793478 -125777.529906
-761236.278673 -224762.899497
-828905.485267 -899729.376626
-665964.078207 -305697.799853
-299834.449308 432487.895807
-692806.532990 -537455.637717
-651573.135518 379294.789518
-794128.054463 -540129.765825
-362382.783458 661483.704968
-343873.062354 -282908.234187
656507.697168 -335054.670586
366126.581830 -361783.822588
-467703.883252 -860305.543571
-369287.247330 777430.924443
-671835.995072 -244582.733887
979723.624738 -307682.092027
-887235.243263 -441310.866322
318583.936588 231444.227378
-59415.268488 347085.544461
-310167.658825 692641.061298
261669.905486 -828330.177641
259046.813179 592077.135197
922153.619032 247321.518517
369206.613756 430794.603942
979668.592116 989166.666625
347431.642936 -754189.362333
-948142.359335 586550.908869
-523395.552568 917191.747066
978974.391854 -659943.547393
-321828.484507 -478818.356996
-123532.917087 864737.715724
-109430.805424 -384970.946323
927734.086263 362786.790739
600707.907418 767369.628612
-133454.978291 -88176.019122
861750.353192 -222560.173395
113585.951997 896021.634087
872298.616561 -274682.937421
532418.600598 -337616.253434
980543.953761 -958720.523855
-731805.597786 234039.242294
-883242.918813 806984.771327
-83838.793456 -420367.277931
-58467.082732 -129723.938355
799568.162973 -914162.036257
18535.002119 737411.341400
-868797.230566 -808685.341076
-102201.109415 -747353.722569
738123.071174 -371265.964269
-316007.888360 830840.093723
143.823974 115470.145465
-654880.967981 452233.578115
-998054.364748 147260.705956
723751.856266 -371169.539142
-71455.722658 -338959.825939
-593552.091857 556188.262692
159430.838536 -825119.192496
354864.712060 413092.863701
198430.896657 -311964.879192
-950729.184576 805676.633024
923019.430873 -602623.190873
872878.353354 817427.923693
-139611.146201 -237496.637646
75249.319988 435401.051783
-478070.858093 -698861.401534
465283.840704 -593157.372354
941227.547735 311106.782157
594764.131621 -271670.528881
-78414.226947 -144945.079704
-407145.660929 -198186.337769
699522.961668 134298.605935
629084.728879 -7739.247088
-703183.522004 752244.407973
-918509.766599 -945628.899317
505606.603039 647151.012525
-739737.463001 748169.224949
225635.620262 537231.810280
-314708.695215 467502.393429
403538.316284 -47760.380829
615503.792234 -4125.408528
-835949.505389 267805.048963
-127517.736438 925000.484611
-475559.269153 632253.979956
789257.398615 744862.536654
-864958.007730 560087.928251
-378665.781120 -232614.537646
90398.227958 -425731.509770
124205.661901 -618310.221707
-38915.451404 -550897.253081
17980.146410 -976585.561837
-869625.911108 -587033.235864
-245697.911010 496443.491297
574528.238321 263508.520772
-24459.342537 -975794.346547
471854.868935 -303867.602349
592507.405819 325768.764593
-548617.039213 -204855.928477
-7345.643772 -155747.064533
-306616.235641 464705.839447
-400060.251875 -330485.193046
-318973.468313 -977334.022057
913791.329813 -639274.634196
-873492.767182 155316.514880
903659.925314 -630715.773387
280290.006716 177820.468695
65478.977994 974847.050749
423559.846885 -384173.389394
-596309.949381 -602361.843359
769683.334791 -545387.765095
526722.457142 389828.511276
15670.046731 -426383.142793
741630.097389 76977.996490
-724749.695464 268764.265375
597187.114113 -1161.797148
-959753.820149 -537682.710382
521768.328511 -501243.406720
366021.711175 -402964.862626
-379298.286741 92778.095017
-596238.382870 627747.394217
-781879.193967 782721.802131
524441.537432 -832037.163495
404686.120526 578664.548258
-552334.486913 76634.521203
46376.039673 -572174.255844
-493857.633423 564170.299321
-339854.273479 -387939.734273
-980434.871594 191772.420298
629052.708443 961520.123397
482828.041868 564859.523042
824122.098263 -890000.776250
-372162.648287 -68772.515767
-523673.031862 92985.332176
333885.697307 -2014.310187
716837.419896 -162982.032286
470333.826559 574685.602098
-602863.245258 -802759.198103
843921.609164 -708107.754215
-69976.629390 258559.692010
-574826.031461 544637.280293
848365.097590 -342190.387591
-985799.616708 -354312.889949
-672722.225483 126444.797434
-685631.854496 -327794.806941
-307889.663961 -600633.325507
886675.978981 -853898.569170
-596370.979767 -945621.214878
173403.176879 108841.207960
862630.596116 343568.273347
787903.697501 735149.757214
73267.388753 973116.558011
-525412.968066 -281223.866911
-744373.500318 -710531.151192
-91605.557175 540792.126629
-982368.772214 -551153.097509
-751403.535831 59334.428259
706221.403727 546486.996166
420055.786447 422143.643954
-366981.667663 -616295.853560
593474.786660 362921.316757
6652.091961 931949.818419
478599.021973 -948347.974029
549107.668540 468409.891361
-174882.393211 -83428.465543
-412253.774746 -145445.269491
-287758.233535 -362369.440651
697550.732635 -301694.674683
-329890.051925 680287.088935
-745128.957284 979399.214327
-618145.244998 212637.743490
-664130.567418 -305755.398152
680266.534160 899463.293078
-137854.745227 336278.489268
334365.233422 565339.753034
639717.507595 479669.962873
-990773.098856 790683.352850
-249497.767497 -166949.764344
55681.360484 -45888.282701
-139227.730057 -467604.562494
-868509.714619 540942.089445
257565.369010 -190031.049397
-775481.496095 -375998.924663
796291.759756 349967.963034
-606302.146554 596314.030682
-765942.361419 916481.290881
-369946.308320 -12853.894673
-934191.153303 534054.273018
-173354.471130 903632.490190
-852350.584683 680365.136222
-815616.888541 -651194.829340
20595.723408 -872649.492426
513336.259270 -929833.925317
259336.330461 121199.643508
512447.341481 -828987.274351
-276465.288448 289984.446373
739369.667256 -475646.443070
410905.876333 823321.371239
-542614.840489 -566633.011615
567318.861776 -109610.902039
88260.220516 -437285.256852
-473412.632781 -380531.009130
-536889.739878 281675.294042
-489605.458344 -409131.840830
862930.510664 974398.934677
411947.166981 526064.525669
310474.112925 879781.146036
-841955.599274 961485.177016
-621985.704370 426747.916197
475697.571523 618253.653283
-809157.748077 -777218.390449
67648.303001 -611154.640176
786756.126069 -464932.306623
-492580.204991 658966.974207
-395875.250944 -299140.273828
524794.302685 -403676.548224
-454036.523958 -314586.551810
-669191.546686 4881.141196
688305.008058 -242515.511400
538232.026553 -10578.544379
257699.276079 510509.996679
608069.342041 171989.823279
-870446.373461 100054.035284
28528.243293 -946703.186513
-433577.822563 -207332.332484
244923.758026 -273339.592689
459511.392327 729837.233875
-958038.476395 644718.418553
897843.395550 348792.922507
-959027.920417 199714.228554
-996406.409092 -19339.587176
-891498.222886 459277.580189
59318.349453 -651473.028808
448591.010994 -756918.539370
462561.396195 -966425.507897
296903.872374 -372360.480851
746567.288273 954477.420040
937508.551067 786344.504489
-441123.400641 403364.912194
-912234.784032 217276.367670
589646.186263 -553637.167830
51662.553827 -649795.633342
993332.227147 199144.909664
-388486.586401 766709.615565
-523578.270693 866505.906165
185608.928851 968507.411728
-956935.545688 918504.249228
230654.580128 -812582.850533
-999143.233148 -328041.730551
-423016.995410 352123.188592
-105815.985487 -585499.068340
-696136.083837 -4740.486470
72277.025094 989863.403692
-414433.660915 -35529.182105
-193053.403134 -771549.462326
-202968.094080 -427158.785598
136790.214884 -923763.795687
663436.007378 76416.094675
660095.581193 -551418.210507
429267.730474 -17681.134727
939689.683761 -242386.843069
-60836.582879 -609606.942891
200751.260378 -174672.184576
96594.926243 -15140.388194
31608.453345 -730910.099615
200881.302168 867213.089745
-388167.566714 -504245.610774
565255.099435 897433.048063
-803619.828396 256632.636435
957996.908009 856123.380202
176913.382194 434498.977549
-335177.790256 -727468.072992
-768538.137570 -352393.763467
257152.065337 -824170.853421
-510995.975709 680996.894126
34342.152854 391326.637332
442570.580947 469711.712268
477809.125156 -420500.685365
-409645.620191 716779.673482
-366812.764537 539527.490489
-603139.006710 289127.665343
-783106.911880 -936542.102259
228482.141053 782934.294166
853600.720656 -424089.406608
674544.441174 368047.998274
-885617.621303 -561791.515272
256137.749625 -612694.821039
-544638.951239 -890218.729302
-549103.723886 -143164.073963
988178.411872 -518417.672762
520810.843858 -742648.869764
697154.338840 -642276.328038
722986.735866 -171715.114941
613563.410962 457317.857091
423410.119671 -417265.349838
13756.153552 810915.273242
-679244.683123 776377.243582
-436087.487029 121975.217781
-42757.811766 -880079.274750
-705584.212729 -827274.742605
787851.295830 594537.316684
-824767.054351 138439.010654
-229820.276366 273508.861833
-852248.471701 546333.897880
913974.557053 -195598.997271
-675108.019620 589819.792773
671643.070008 -67474.981902
-62358.175752 806334.235173
-791005.486676 435447.046800
-716399.780294 -651120.722898
-873869.634466 -556561.466017
57724.639322 -159468.691593
-622511.896636 -781987.607359
279390.223751 205276.044446
-674949.869403 350851.803282
894797.292861 829421.102655
184091.701356 445455.019125
-296831.737660 -601490.542264
210192.192246 -845810.955063
-422985.374461 520113.849040
-497320.939674 -162268.897525
818356.457934 10568.621449
-595617.210349 -420703.894697
-796187.784573 -579167.271101
96048.984211 -159222.645655
-497100.912459 -54499.072233
449715.019002 595647.108422
-76736.446922 -168260.141838
-347854.540558 7432.633998
991616.291369 119235.501966
-630582.005806 -319260.605465
-194317.788541 250289.097470
242067.182282 -806714.022267
191350.488225 -920815.815330
-924278.352475 -546471.542101
-688209.514756 614919.144021
-229326.594648 210288.337411
829055.087939 -670782.243050
-579271.802767 810021.154901
-961935.797082 943658.377714
427302.191642 967139.174882
525927.676046 306483.178983
-382848.461545 649567.420483
-47321.583920 -492976.208966
804395.407326 7366.216630
-674619.123685 -791780.781053
441101.680942 499728.706810
152276.812057 125049.578516
414687.564976 -611760.597079
222048.782547 884009.686279
-284190.842108 147210.173713
-116336.412422 829748.162976
359368.852170 -91272.067643
-526772.047174 -899358.924353
-357368.377784 445704.199072
-607909.715278 -374092.136389
-239633.080090 300070.188149
438859.581103 -873722.301396
791786.504314 -183123.918252
733470.753025 999353.478225
-423743.147598 -660990.091692
306467.717150 576102.083444
128630.637137 656355.513056
539216.877371 -76734.685179
-872339.811642 -943120.865860
-998924.710599 114214.548821
632342.664807 -100194.173621
640655.623622 -391340.750484
776487.704869 803817.339621
929867.255056 -467850.605041
-861111.489242 771846.464899
490720.582905 822481.562627
-251742.116822 881356.066391
-220737.266674 151943.445308
-436560.697087 -52686.063406
-534935.941132 656403.920393
-47305.682253 -520077.332292
-133528.669862 572127.247920
-931039.408780 -695200.943464
241685.813885 -466561.145787
791859.686331 -429479.859673
-889924.851902 -202498.405224
-236242.523648 -464694.914107
571672.421337 531745.979302
-964503.994474 -14767.707765
-6645.912591 -891237.246972
614677.366220 51100.319064
963379.788649 -667123.713291
-563180.232295 625392.866782
25988.672593 289894.094939
806756.199379 -390507.209715
444481.627683 733113.805945
489561.285459 -440874.780594
-735207.355711 441882.817986
-681331.945927 379768.163759
899776.797267 -38447.565734
-856651.877611 136157.028496
683731.634812 822485.133707
3961.501885 428869.216833
531392.323204 450892.876220
-55625.910569 -144410.926077
296493.217879 -383186.215058
-704143.331508 459557.013585
665014.097536 358751.716232
964795.235118 -471351.603748
-723838.661282 173649.779323
-379668.002933 -830965.804869
-417944.416153 638495.339635
-563959.914337 -529065.405783
-136004.592289 -754254.984072
-254596.666860 890462.564215
-622141.727834 643518.939918
-251012.863716 489419.507929
257512.392061 344051.050352
374864.014813 -61070.803682
808243.558399 349486.876170
64468.565920 189374.861096
-774759.757648 417315.767624
93307.765491 -30231.652103
643111.263874 568699.932407
-9223.844581 622620.934303
-843624.914620 27109.944080
857611.293651 36819.914388
462390.380326 -215885.315306
185828.753496 -80459.469787
-48175.905192 145973.115031
846287.018769 801858.328630
-955749.020583 -787312.753322
459087.286436 -357513.200698
-619716.442819 852153.911733
-657434.949277 802928.715990
532773.503273 -822202.633871
272487.029504 -515621.771910
478238.375706 -753639.790469
-381570.594768 -520716.803174
-639970.454952 -66456.701425
-226161.663980 -852720.015997
636784.702849 -684344.072596
900042.543950 -822294.520285
36113.829427 143440.723872
227497.231090 -968262.185062
20885.016527 -196603.804396
-541335.852075 -226778.448934
-731811.538605 -923268.323909
383798.504837 692271.799250
704742.598846 745947.329162
-838041.765655 -827302.010866
-127722.877051 283925.739974
-458616.839034 673499.635591
176491.742889 465466.256451
-927623.238179 -896195.471640
23323.423195 342495.475327
-515103.795349 539315.537375
-119317.878376 -196827.691527
-41812.080128 139706.266616
33227.308671 710955.812253
-973904.285495 -256375.663474
-343712.798811 3602.396086
-327082.989426 -131421.393272
-120886.734187 223562.839641
-597265.035293 -795940.945799
832907.858359 -563181.929829
-424280.028076 587008.168440
828238.107795 -435777.804724
-445013.548065 -365589.054280
564214.913195 -639865.227899
810062.409904 181449.262953
-648842.010199 -247476.134821
-614140.155012 837428.027770
910147.948354 86004.872156
871162.549592 -603845.039188
561759.020030 307909.088425
-621641.083737 -149810.079642
778781.115143 -13363.851968
408796.349272 893080.286949
52557.774085 -485900.443335
-35218.778963 -374649.902134
429428.247273 -742191.368702
634492.225243 984625.115760
681347.601150 980462.510377
-459447.756899 485715.633624
571178.482871 176857.443137
-194659.418738 -662957.941581
-932334.359182 590154.148665
-95953.061636 -652011.494417
-505342.155295 -840349.428627
-498597.283780 101905.786700
-711790.105551 -449731.842148
17434.329436 -725632.213716
-448450.111099 624191.919701
-2541.789027 676586.962142
-961777.048349 -758891.630325
-789990.185901 -914285.646033
-55047.652753 222452.624199
237109.537078 475520.788681
-349821.938444 848582.032584
501812.338467 772155.715563
-604285.463428 728942.406592
-761141.313729 277317.613947
735755.774893 -719632.060554
-828329.346874 524470.319257
337322.113998 384344.064858
-862995.375333 -351592.315113
41024.631086 35289.365083
-177965.304827 -739535.617720
-445870.624378 -804214.836374
-752051.055089 643359.144139
-832818.440301 318334.540312
-644318.923006 -402235.796929
-927213.094822 -55450.620871
653413.685115 -58213.751960
-65918.955367 -955312.242048
-805535.693814 46227.835783
-381463.570395 -184165.326253
82367.105214 874388.945339
572507.780188 775996.631011
652247.661175 -854722.705934
-150252.657825 -95788.465922
-896810.276154 233772.012770
146385.433523 -283494.631852
76499.284014 -487224.679563
780033.390679 916516.385196
651421.969675 521942.828777
-453874.509513 193149.834468
-414627.410751 977799.221396
307843.462225 -894369.758860
551365.238095 562393.915761
688368.999821 -912896.852217
478125.913102 394870.047102
-883495.806419 -571210.016961
-615662.804591 -324827.833336
255203.910140 -937824.263049
-385247.727915 818641.574633
466974.286117 -859529.432876
-695648.777489 272108.455983
-630724.508881 42152.174710
-322571.280802 -362936.375328
935641.751616 396158.953188
705350.785744 -837750.796021
-690539.616611 -485554.469667
179754.958747 915359.768964
-8887.025570 -154305.003781
-928518.031007 -330793.335389
-811008.627766 -516181.602646
-209837.376165 -132582.135679
109615.448995 681781.104084
396937.828095 916502.848986
895972.659048 194358.020091
66954.585601 -630150.974588
29253.039946 110619.577351
-253127.498495 -228432.011370
-630556.328154 884032.663586
-367611.990672 -857185.911787
412989.845883 -529021.834190
-157699.611715 -334899.661381
38207.704265 436220.025730
-168230.212052 -794728.808195
-116802.452839 -895969.295779
83188.048541 -441635.906182
-263350.349300 767095.084312
557118.768998 -18027.699731
-836316.661861 -225221.147378
-11879.673566 -936163.643861
-717800.778983 997676.092692
-568996.209158 -508578.309329
969722.499904 -356847.151490
378056.792693 619048.398957
528932.508943 529226.734497
-961529.011936 929250.763384
-680086.647220 908931.294765
-581471.702815 -186100.324702
529405.925553 918059.437203
-409415.127851 855594.712887
-871900.150110 -381001.544321
-222034.636147 505651.455453
-763572.516450 641931.307330
266259.057903 -973634.135554
239084.303209 -437011.519600
-218116.355482 557561.378326
-754327.360335 956120.522978
485453.690588 823499.125578
832458.672831 486814.675538
-266412.249621 557080.780068
-332240.864805 632315.936356
-925197.947749 995677.268186
980236.541106 -133502.620377
-315265.472789 -879273.364088
-939700.991493 -637275.898212
41215.818946 561225.277362
-698388.244914 -686774.066319
571451.611503 -976289.300037
105621.166212 855231.855023
31783.555567 992928.168217
880527.864895 75131.302876
414658.736654 776238.649930
-893308.077122 257231.069843
-321056.131612 -231276.135489
-961797.430755 728678.162920
426105.602806 -903434.895372
-911302.639591 -963630.672888
-633452.384650 -86270.720953
611114.639931 -355243.466521
-255486.544272 158807.659146
297263.684258 183956.463227
468994.510881 79696.805858
-865623.437767 872487.415258
-248331.637441 -380781.709355
-877317.398087 770064.982032
674857.910041 -931081.477427
215185.468291 -220697.894136
113167.634434 900605.945830
26496.647272 -79530.948821
-165791.604250 -302362.614913
607654.093113 304616.736679
-8580.664301 332019.674026
-758609.106310 762782.891488
450318.879343 -769003.564871
-582343.204642 456961.053049
-684170.805481 -182064.538229
-236852.853145 -490163.258864
-716627.831887 -663258.002963
-380641.162305 348934.599157
-927706.738300 222438.627452
464216.752280 -72708.769109
454757.802130 -525381.102908
12584.693184 682399.133237
-81346.717361 206757.359883
-175724.619647 -694744.150255
-960869.957164 108272.239374
-116225.486832 -895326.866180
503387.626338 -557510.624021
-61883.806396 897339.748609
560780.358558 182331.236360
-585850.621035 695143.337065
617355.617685 -180493.474842
561613.730725 -468375.284121
131413.000857 -202216.697145
463774.514921 -149742.914755
920631.679120 -566246.347011
877375.887822 -102423.499181
-243981.865775 -495267.790983
-814338.155447 509171.864442
-311295.614780 -438459.188753
804691.069556 -768217.625752
-67432.509774 -955252.543735
819384.479916 272265.031476
73386.135848 900351.249160
-304330.554494 2550.641449
995943.581814 483449.163647
9026.948120 -792348.349168
685467.075610 -739998.597248
-301482.752360 384675.690044
-956527.488521 -248903.076579
-852659.591069 545399.121185
-3048.978223 -34824.667640
337288.542864 626889.229385
-216468.781832 -747432.093939
-291763.277050 -976588.375820
303915.022633 -979328.238651
88487.192116 286849.779317
-80773.031056 417705.867823
731538.084791 -678606.687146
-288267.210497 958627.112723
60217.654431 983480.335111
51060.912078 -23753.635941
-437305.045800 862659.181091
10634.697224 -204236.020406
-323043.779135 320560.190576
109852.419822 755388.207469
-718401.362463 444356.318895
-59233.214239 282747.600907
660576.351772 -477841.091884
-78307.655052 -640368.199775
-464471.072430 -474979.123364
-503723.807421 -106357.322232
330747.104900 -33250.656412
-150981.249960 397037.898892
723253.014430 -84094.260361
-716916.429273 93189.920233
-737255.440616 -249092.628882
-727575.447982 138759.332715
661220.885576 694857.982515
-367422.971250 -373419.321859
269266.041683 -909515.863459
166081.008159 -529696.551252
496798.775070 749511.804744
554824.746575 -51796.583769
598380.910979 198805.850680
164687.574789 -675497.973399
-842621.169309 120273.041338
-605185.827441 -510909.434908
45476.088075 339171.663047
-423933.171641 94846.828808
465374.348738 230159.203316
-508537.031663 -152822.062440
911071.693546 -193774.461864
320808.703777 394552.346912
-774572.127229 -431830.667993
-253536.213251 -625417.418051
-369326.758184 -312242.705506
-759533.622804 233020.509696
394825.504736 321781.998886
103318.116162 840546.086077
-324391.319573 -816006.740206
-396499.383464 -271630.518569
859473.465038 -158350.027619
-375291.874348 389201.303580
378050.161776 539259.616944
519880.704519 395988.394633
404265.585916 -54062.254708
-809346.241128 -508895.069653
-772211.734599 -947013.820300
519639.217658 128019.649686
-951891.820146 961813.790107
18833.040601 828323.501581
824200.273553 -179749.150280
419943.142924 -49171.294515
920204.931628 -365476.163781
-870104.144962 943319.016278
88636.729192 -975150.480137
-241116.306434 907876.631449
-755067.934923 704798.744388
-980322.174802 97361.881999
-641037.073915 -899902.420775
-791826.907920 -600181.068032
842287.006178 -530680.204802
-480726.817895 -269444.670616
133953.704325 498529.064848
250923.289877 -316035.918551
-419552.864630 -819120.396950
-203640.885170 -780592.099888
564664.479025 574778.956514
-418497.491882 -222064.047645
441736.833625 124200.661652
19879.033689 -941814.413192
-979755.990735 376013.925084
770081.117881 68206.990167
-158548.115180 -895743.148083
-866656.906911 -853052.602593
556360.189717 -93221.752058
-521647.559372 651041.174768
548813.142174 145387.537744
472373.225570 959308.583407
-123392.054314 486026.574655
-645362.642222 -609910.813404
859151.588237 113943.892076
433288.533331 180978.699391
300196.772629 -824134.789624
397182.705087 726480.834801
169749.494241 -429390.907002
669658.430870 -472904.712160
649051.731296 846814.032673
-85096.051524 -422289.892515
19268.928672 -476598.134746
989798.842203 -474967.480188
-258670.595102 797106.500541
-319633.975676 394232.514692
-768143.183737 341406.587890
-17465.639984 627540.117260
627755.759089 684465.370687
9682.542628 881165.421029
-788567.205050 -451173.143557
-509044.315694 -723317.061077
-323757.522142 361933.713121
470372.025773 -87328.099920
-500902.422685 -830120.237025
-795713.141113 -389572.082342
327474.115351 142523.875425
369966.168479 759864.773740
-404669.282798 370920.660014
630726.862649 437650.151337
610996.878278 226785.878850
-908911.622498 204466.593001
826016.776473 -158843.256322
40276.295703 -59423.306111
-63099.731985 -572024.053605
-220878.092042 -5520.542885
965443.588222 287599.593433
44784.988248 240108.430212
-575623.708480 -480539.341836
424759.092227 -697000.545522
621229.498713 -440706.805463
281613.390984 818412.791344
696524.282851 -35013.606413
-594425.781359 774783.293954
-814613.871745 -203386.171366
663711.703126 -827245.079798
629142.301563 -965765.294638
770297.101230 231564.875093
460234.587846 197467.265700
-266494.633346 448587.534768
-761977.200399 -505871.631077
-274265.410681 -574221.054425
-638307.030484 302125.869872
-757316.924662 351518.889201
575273.763070 170509.512929
-24026.840353 -519867.699319
59083.646194 -220590.866029
764885.430879 22923.231864
-289214.557081 647389.898811
96480.850594 450744.367397
96571.141581 -222078.958062
-997644.439792 622841.995583
-718619.603721 297313.524131
904218.064356 440872.652331
-889463.597946 -918713.871218
-541919.888100 -929038.232365
-874510.016616 314054.892601
866912.922668 785988.243641
497433.354873 982067.263237
429432.620207 48811.627074
98442.014603 73585.394588
611108.254446 791891.725790
-119811.926217 -261483.718229
377563.147334 52456.952991
-827653.377395 -261249.111766
-739297.768223 607090.639317
-575540.338878 -659311.338814
777330.397339 -833040.984600
820874.004812 -827360.411793
742978.125880 110708.779813
-62405.786297 -71865.915416
632996.052300 -25646.958977
-732998.952630 738226.295349
-419629.404224 275142.005646
85040.662076 -281065.831123
-650495.296022 981196.058148
-912300.456358 432258.875023
-189185.176374 304358.831061
742307.691131 437689.484973
-17498.706673 -120936.940184
675052.846955 406746.166748
298552.457529 124235.300115
-432488.112288 60618.460647
406574.602634 756860.691269
-894048.369120 532180.824731
688129.202949 -187970.999648
105618.046948 663010.894006
816014.931692 -859729.247768
548285.066765 -820385.037777
-581071.640086 -405296.937105
-211446.019417 549738.867840
-707907.788624 562397.037408
490107.860548 145467.739414
664726.966238 661477.464368
-429083.279635 760602.828943
-27461.569564 509147.968190
-97680.853532 -469084.753067
936367.935795 -524198.166296
722314.856282 -488645.402803
-388006.013508 -430912.904477
-714609.352851 -417977.774341
-886266.380116 -210146.872412
889265.680935 882519.338501
-143020.528759 622270.899713
-16993.314245 406390.434544
-939039.753654 856575.100148
-895197.653199 391060.667812
-710226.391953 805597.171204
-993430.463826 -237632.247834
132254.348775 -19674.409167
742101.240363 -190778.311274
946605.742223 907517.532437
-238019.603728 -980507.470784
228747.843479 489507.468014
-259087.207518 803347.593794
334516.065963 317278.121226
926194.180503 -32586.539379
-166641.019334 -10269.537740
-21501.681551 -490133.223287
-41525.059542 778709.374604
-122868.320649 201139.221287
747741.272959 -791507.396247
-432098.971991 -856130.063107
205332.696972 -977929.939569
-113148.472157 507103.372131
-97092.685294 690607.647525
-29170.073846 786249.220846
648963.045294 -659207.317811
-266512.001469 945751.085367
345254.667910 408997.030366
24105.932093 734604.099098
-796769.314383 -582048.668075
-311498.530803 -399525.611182
-918053.837021 386071.197498
-474217.421974 -558379.461402
311484.780240 279776.152770
-132932.324962 -367215.724848
-758436.410773 404200.313294
-418383.621475 -446946.204623
-779046.519717 222838.109387
320566.616099 -426634.871339
-361207.796552 -788703.676618
-333816.260516 51947.780799
920341.527257 330402.576486
-495256.871814 -716249.988879
-92543.347807 -730691.565146
213851.165959 -701374.621018
176504.891314 -232284.111050
-836905.985885 905754.690332
-898654.479566 210814.570938
992487.766818 -524583.018238
968681.626189 -51662.744704
-614520.620751 -497741.452890
-896666.649586 880560.098005
-98774.300106 486545.858592
-653790.502530 -131637.337438
-572984.347243 762714.319099
-696102.870691 -288010.689995
-953785.784375 -329552.401697
-220004.510201 28231.551503
-130489.454577 748525.905535
854082.194919 -896929.443187
527753.625003 939733.318014
-731119.608801 -509747.530437
-845977.053871 -41665.233798
-853855.971562 -662629.064927
-565736.757534 -964168.049231
-759497.123032 197824.361780
-727789.009641 92441.603836
-339841.844970 -30738.678508
230065.991993 -13950.676349
723173.916182 -19321.949102
-340818.460400 731507.276855
-867022.372058 -428146.476314
737508.183642 856683.130330
936944.667413 -539816.587533
-326166.485164 -610150.727204
245041.602273 732824.433095
547060.136300 430078.905803
-541980.196101 -936566.228329
650282.116151 -468958.235478
410108.123657 958313.238972
-545775.304606 772803.815450
330370.532839 -270421.723135
74253.915497 927654.059949
769659.189247 264198.711055
718517.207239 -497867.768234
252857.979272 108875.377073
503988.725310 856995.732404
-775688.602100 -270711.976696
-229290.214099 -541948.790318
-733007.794089 454114.111773
-258549.981826 70232.730572
257224.908995 -770291.755475
-796936.835664 475078.039183
-759155.098440 -177831.937414
-133778.310349 -164737.599707
-170680.897141 -782139.991250
789904.733066 399622.512864
278135.290037 -424258.864431
-240080.465164 701807.008242
885792.085844 -31165.997761
231951.967652 -663264.801114
-551752.671793 -441492.716756
46298.742285 -546978.496056
-937521.759484 203024.543820
-134039.416136 639235.055982
-213046.822933 229315.556771
-351857.026024 -826142.108137
-138803.442426 -381471.582395
725408.790438 23795.620517
-414985.160167 -307821.615180
-75909.759674 -235832.379192
-983280.161646 143766.628189
-691668.339822 343994.402420
213246.837449 990651.079970
-566717.308990 517788.898196
-874135.280788 -18629.148809
566173.231206 582187.294380
-983979.224279 -872219.360599
88273.667830 710952.103224
-28625.685630 -247155.480986
-189572.934335 119849.093921
-867397.315734 -361554.430714
-831842.105110 -195628.849050
895078.780022 356942.469095
-259723.184743 -413858.480315
-360023.911877 -828593.001597
352159.478737 379703.768039
111734.051042 975370.826256
179084.990617 -255063.245602
-437851.296497 922751.887421
-478504.908123 -604950.779772
-873071.342300 -827959.011619
10170.347490 65193.205200
974337.091328 -152526.832573
-192041.303457 719992.514209
730975.485244 -235314.994726
111977.147072 48525.193248
-62031.641209 -712278.877453
-625640.285025 -65273.645705
542600.778156 -340759.300891
-809427.610166 17867.042028
-708801.329687 66233.202315
-193368.008359 -884018.449470
420272.316946 -387408.027912
-561414.536547 -878565.436455
-13168.981325 -801622.293194
-203140.017767 741172.703236
882775.138946 -954891.640786
687717.479885 11152.592183
398854.950821 -866009.202530
205920.510405 -356430.566763
136077.248788 469362.377302
-474867.956446 -764832.048466
748379.590822 925567.678796
-422486.215510 95632.839654
-967976.151211 -451984.690495
632592.576341 136524.207557
108981.799750 637062.978938
-172851.989368 393724.927859
-367158.998987 -774264.336091
-568658.475931 -157461.583576
682092.558246 -588777.892102
395816.640253 378895.810307
5583.407718 -254606.858244
364599.810406 447203.465736
-734709.927449 -282065.448184
-838851.898544 892789.421865
180372.821110 -592385.216165
-46805.417890 -26874.733501
-34444.930867 697751.490719
779804.528721 -768066.846589
-772877.004531 -911467.302675
-536870.199254 83703.691737
984486.177516 -743570.964405
-900604.290503 776137.068119
-691561.750507 -658393.159875
-548905.084381 -842297.071434
234538.722404 967918.263567
509453.211751 -104917.935782
70416.981955 -282939.284714
-180651.729767 -112891.373559
494727.289535 368486.972486
370202.242497 -266966.732581
864406.850256 633564.087010
637902.004741 -842432.718181
860105.793554 -826515.454769
-6816.261435 -169757.124672
682115.735640 -479132.891045
534452.991141 -638521.991177
-396537.863583 -844894.304288
-2677.171212 -952547.927969
799585.729729 -398927.050971
-466736.570966 100874.308757
-124859.637885 -894865.049425
453557.915518 -457126.868861
-472525.659051 881660.690658
342865.490112 676080.835695
530116.258830 501798.351681
-280818.375138 27364.236825
989748.032061 -55594.677270
-26750.331041 -781920.165190
-317465.022075 -45029.827819
-464588.781901 631787.045314
-154918.677647 493025.783387
-605422.048185 -503300.024162
-894416.570134 621372.220663
-838182.964607 -245249.573474
948184.860361 333511.638882
178888.742853 -67762.066585
-372449.947617 -523040.270385
-296552.129715 721950.705568
507004.565122 -903555.854380
40856.906705 805597.885043
-192764.992402 82084.188992
-763772.498882 918965.430108
929302.242989 777736.396409
725987.622116 558134.310010
-673907.233283 789881.955684
520355.237869 718894.000651
-303325.586301 -552243.057201
342893.551684 -361501.750500
50110.932628 -803698.823844
-969909.283739 120520.254216
-746759.015262 267447.007110
997719.643538 416178.681697
-354071.356014 449619.619546
-162154.316793 -240350.079199
881540.055230 200376.041524
-689069.674587 327187.083226
846846.910459 692443.040337
50668.841380 -184005.477020
721847.819554 -584180.473180
-854887.727825 -891112.764968
573414.763460 -806267.056287
-209240.268340 716093.456676
642653.805077 821523.875745
933264.207156 841381.301990
158960.708066 -493263.424177
-573977.975161 240903.355700
388360.762880 174462.729326
748489.611024 -494306.794248
746077.120345 620532.826201
-769743.906873 372724.888503
-248664.659536 -885982.333657
941554.447836 801575.199259
524363.485167 569475.633444
93335.747750 -401468.262504
-832511.229328 227412.168835
873591.281219 -963194.498340
265365.431612 828439.786373
798365.039568 100243.688497
-672771.391435 -452029.016721
-687875.442022 -789026.384412
-688181.851892 155675.574227
919134.916399 595177.093892
350165.744643 -128784.642092
388866.292866 -424515.821110
559814.750942 -805502.989430
808696.322894 -217560.623537
-33090.121672 437910.474750
-929620.315508 -842592.562393
-596516.565876 -609320.858954
-702540.203111 728249.838212
236264.322979 -864072.722919
-917979.116420 -591154.531297
-819453.439477 -834268.519191
367160.481246 78946.636826
-125863.720640 -628247.787780
211496.557474 861096.943496
914032.580175 -784125.326759
-973914.165019 -424762.411660
-608102.209058 -91692.194534
-506245.976919 355821.109361
672532.622401 -987093.573229
-64927.667367 -769938.130499
837759.377411 -929857.016821
240408.775411 -147822.861401
-301872.571414 464808.597429
-444622.124356 651157.423101
988212.922771 -862948.122732
-52276.709373 -849997.166575
-66921.922311 987260.723497
-895351.763506 -943275.223977
663386.790831 -892599.375845
-488044.119610 254218.083525
-785295.014768 -226366.556281
-120095.959990 874091.383320
489643.128525 -160121.386116
-508603.353243 -332773.208616
-847016.461116 428095.564452
-563874.108202 698329.292688
-168577.308896 -492373.239280
782878.591332 -745237.465654
946335.373012 948865.682620
740984.467362 -672181.744636
659856.352356 981668.472424
849316.542412 -156158.092365
-87334.166837 -123923.203957
-718798.124176 -429077.361889
589079.053648 996396.420511
-763742.168599 -828587.781387
446979.689396 116789.849667
-778740.365442 -136489.871744
-686502.610370 -448485.851055
771766.793397 -254666.332890
-870849.924941 969072.509478
970472.351377 56488.162874
589852.020621 644142.537175
-539385.047718 276450.704685
320038.364620 22015.461017
-674475.428136 -538484.677290
203316.577472 -440706.753630
548298.623174 -696062.647391
-5871.862209 -898618.857249
-669295.227558 868404.814542
-166701.868313 112065.564688
733111.434759 -821589.643744
53794.694957 -462918.560443
-876196.431444 -33095.552919
977050.908883 423302.457657
-618042.115249 -576999.022707
-88097.465697 -558423.882261
-426919.932105 -996418.370246
-991583.995303 -907025.327440
602698.750621 -431023.703801
-560195.746152 614992.080400
160925.158495 364513.343551
-865613.182065 370265.499686
-327926.657798 -358264.286745
-563655.328034 559753.569165
649714.502817 952461.702187
858074.612068 805066.096783
-695926.386678 426831.118084
-604276.743780 -688434.209775
773236.743870 -743788.981971
951791.819094 328163.254187
219532.444886 871924.841325
-114191.767874 82386.751146
231202.220959 97311.879883
481704.872350 135778.576824
934265.102596 -387972.793884
-931331.708062 293824.407275
-875343.171288 184645.233483
-801313.041504 -114182.472524
-144322.151747 -308227.236933
953099.918515 -729455.825108
751006.181812 239393.558491
-816619.535916 -759899.952075
-941957.460078 122198.006554
836804.244514 710812.030606
645137.283443 180106.073056
951048.072565 791509.997006
921699.502571 841334.576816
-559323.990590 580911.660116
-277784.662079 986693.479475
955906.950290 -671424.822772
-639924.289413 888005.247056
-257465.242671 221469.211363
159805.074794 -307888.516407
496568.072051 -433005.884713
-533905.553907 868198.778577
323701.260519 -15525.527017
-93377.676443 699054.914955
659852.855842 -131971.506318
-717784.017839 955741.093791
606280.345298 968340.110258
784780.459579 394039.554459
772430.826689 -913435.612208
566216.023356 781461.752412
-163182.192118 108139.517535
-779083.495444 39095.897752
923085.078015 720627.232553
727207.890767 190783.404990
181696.849174 -444846.801325
-978070.301468 981651.239473
-66140.524225 -228075.764258
407714.994125 561508.433084
493216.228490 691514.164666
-133003.702985 -827325.194724
-70470.558387 955711.031989
-32817.371762 506650.031783
170765.205107 -701918.494750
-778852.775973 468474.985682
463792.350979 -250698.716138
-445451.585286 674848.511302
689546.414510 206302.304092
-930726.935189 665995.902887
956112.421595 39119.640713
705941.592563 -782412.226762
-234447.091380 971222.287471
254619.257618 -757878.015133
820403.418883 -793766.515699
-619798.477924 96491.491969
-584750.285528 607345.451376
9259.098866 658809.327294
-885807.905458 -713195.563787
133246.596109 -271434.090123
-53021.261958 -924339.490157
-419766.848105 -591079.600397
-48904.888624 435964.102069
800585.784051 -637805.819597
599187.616811 -989528.682341
-260454.994349 -347681.987560
793246.962477 652115.439585
109541.826841 949223.195195
982339.987736 998154.159632
-972157.714952 792492.651511
-729534.919844 -311652.034560
321110.207236 -951324.232641
236839.102064 -273098.523376
669458.410627 371417.320512
-698778.066129 -829584.452482
904443.681802 -165423.977393
-893006.424747 -370769.925502
945443.306348 394890.810382
164336.888612 -364877.351761
-699949.292309 889033.920046
241018.602137 -152772.661867
202798.943375 892348.773532
575831.803005 -801943.746551
52113.851790 -882619.007533
485490.612254 -545448.173724
-556918.717908 448883.503794
967021.817360 418178.073322
455822.695140 -237666.504186
716056.824123 546746.849812
545337.166236 958444.828721
-900872.897517 682398.827073
8087.481261 459538.918468
181320.828323 -233933.612785
592213.689314 847255.294856
752099.938675 39893.516504
819523.228077 -838346.129937
-441459.004618 -627407.434868
-835804.106860 -731710.172367
894404.594935 -177322.453464
805482.026353 782124.618343
-117220.532177 -494870.941816
-336313.392366 -323722.538728
495423.016174 -195185.766562
477429.007595 -529453.063257
662219.365962 -821566.583414
-78838.177034 -601220.771477
-690398.840922 -967960.103692
-40057.099047 -969409.587630
-647430.341617 226882.386724
-444254.406693 -952528.271609
-977898.057648 552037.420154
-853975.095970 538672.462959
740293.272314 898777.940521
298097.263915 -142656.273563
-89470.685368 942770.214395
-115046.265161 929817.079504
447664.319593 91916.983521
-479429.101001 735544.255561
738635.601533 393417.763489
-968485.257732 790223.676207
623782.440055 918086.975339
108491.115013 -829491.751546
568800.286383 711647.992991
-507304.626715 -384699.662428
630040.795977 -975493.761462
-225537.135586 783434.991045
-369990.624712 -322479.037237
-947041.272322 -441925.504185
918970.275704 -891931.355832
-32626.744682 -265515.528603
157165.454514 978212.646355
-629640.036917 864385.900050
-303940.392231 -831158.010171
398355.244170 -74451.251793
-460062.383114 796341.142189
685451.618682 372237.591040
574864.791286 561510.713713
-766396.027364 -271209.829073
-883068.965421 -74602.330292
-544498.619823 -581735.736024
-934523.575335 -741445.991267
-548021.062613 378500.857101
915613.528902 -23993.676828
184513.597056 499994.595114
89166.077815 521712.294145
-161568.609069 440579.192664
269600.258876 279703.074295
-275483.997582 362010.554555
510457.802318 -235247.359714
-5919.828153 -219844.899639
-569468.457275 629466.656907
-246121.041511 865432.111704
-195513.985817 626382.194525
495048.531832 191205.731629
115429.559617 -2648.732544
-759722.486436 -877591.029961
-891380.045049 118142.736447
-391881.272959 128183.680243
-469958.873093 -569377.686192
898345.118600 -439861.414661
151218.926611 920091.421505
-241975.777228 -899610.377751
749454.187409 -662468.917654
732527.055869 -663883.717778
945024.265152 768861.339985
-702442.112805 690386.559940
801161.789120 63255.480295
-476986.605301 -27876.207124
764012.306316 358484.551570
-146670.310699 -793624.912675
4292.957365 484075.105810
-144031.210879 -975011.151906
437783.202781 -344925.186703
-564454.350214 574420.137215
327473.960656 -921586.176011
-743383.762211 -613374.922726
844461.200480 381533.009691
155412.866872 774818.599340
544903.208933 295620.086853
372281.268062 412284.075012
-108280.799117 329024.416378
24050.732037 -666695.756521
-722379.555733 -107053.164929
-377679.319655 -168125.547822
-890647.612346 -263097.709192
-399906.606055 -914272.285634
-411812.292880 886969.253627
-48570.451292 861437.415717
633552.617000 727312.060318
107686.640492 -43232.401224
718062.203694 -612960.442824
653809.124442 -668378.166591
633685.388480 -149005.271949
137482.922905 620795.058094
381470.663688 -778055.574939
18907.352203 -918948.750606
-57595.744188 179443.571743
-909515.405262 207284.934720
237370.982296 -93871.959403
-19923.313588 -938106.289705
-922695.529203 -150077.727843
-827749.145089 530271.702540
936371.358144 -250476.975035
-324275.972012 -149983.311759
-584827.408576 -131211.706563
140043.925482 858089.464764
-466457.314374 -443045.632139
474555.194143 -719113.625586
757887.004206 221978.752524
-687985.812679 709393.830348
-3184.912105 871566.603738
-272641.467853 -226814.075944
462935.094419 410787.207200
-106705.881619 36129.340308
785637.395715 324520.298840
-162120.306655 -755847.008934
-706538.839324 -689511.033305
-909652.462467 -56002.537740
-683217.678423 910391.007431
144757.343969 99525.193443
-912481.049972 -291945.489883
193542.191146 394119.367086
-843982.404742 -810509.270248
-903173.677749 -990878.323969
440493.752409 724349.593743
304090.442344 -131734.112771
-358981.702696 -941853.707311
116967.405678 599926.059381
-400927.053194 -759240.717898
300920.237772 576080.666771
-225062.120675 -534438.713352
-588241.476500 -45296.798399
860322.386580 -127285.007759
-79128.752967 -542617.767229
32616.804792 420062.314150
34735.610339 -601703.402303
869278.037737 -317037.453101
-813000.038499 942682.437763
497184.828760 -658124.583975
-962684.496627 199881.962100
-977437.347463 -30496.858591
854487.556630 -300200.036886
-774583.659983 -799369.725489
378938.605970 318108.083305
-155348.431161 968121.349118
-764904.953200 -954205.154103
621426.780017 -506355.533865
-319463.573633 760013.469947
-822799.771100 493791.648021
975433.905848 748477.604363
440401.937151 -984105.253963
-17562.441909 615727.112717
677245.950090 -211164.596929
290927.908769 -52421.874774
655260.100644 374683.146716
-310270.752397 51679.716568
6397.334880 450847.089267
-243335.640296 781533.775291
-329246.803157 -7322.357261
-933212.009929 -662502.202498
-106455.011409 -94835.241613
633951.858292 82615.889996
-161060.287777 341115.543941
-944097.094309 -585870.838215
650900.097059 13727.522991
-385413.858823 650834.586609
-40975.116989 723266.949046
577044.352458 714690.400471
310463.358747 267578.332247
-801288.578128 150144.614369
-569057.526584 750459.972833
-619065.307182 79077.566807
-989094.082527 971859.089215
-387741.875490 633662.554552
763106.702742 768586.831952
703921.044094 321131.603217
901042.819335 195677.700701
984935.828962 -808459.249472
422138.050777 107602.152309
-794587.819344 135030.514357
389215.524148 -769626.082949
579541.540250 -599246.766327
-249552.583863 -274811.014913
-990691.842579 271713.732874
-278383.255313 358790.236957
-682951.486537 -340519.710385
437172.601966 -370563.578742
681970.164349 -730059.469735
807895.439381 -424159.157726
-195162.585149 265877.139498
770578.898193 423208.943108
680307.510882 -258382.022546
-636449.181062 678183.472406
-163029.771852 862545.091225
290469.199799 84143.580450
-802441.069265 546526.512569
-96609.429343 -839511.004406
401074.607387 31663.689593
-596963.162718 -30828.524764
-666638.995343 350331.062865
-949750.304153 -12529.413347
-606241.633718 -876896.318273
-505929.229218 946498.105167
-70043.875764 198207.638636
-863757.611114 -855138.873084
150704.518604 -795069.549248
292148.631139 -122500.942032
12266.714727 869957.475554
225497.709668 207755.782701
414722.265839 121424.979392
-196685.705056 680531.082915
692500.927875 671241.725167
947528.589519 950701.196748
882560.953555 912764.070156
355635.801009 246686.882119
-813595.021340 -760197.737258
596281.235336 661543.613584
545862.642238 421023.522124
813672.684237 -284879.201749
193479.101569 609766.018833
-213789.177660 31769.557620
51837.539364 858424.648014
680593.427619 -82825.348157
900429.324455 399559.308776
-388658.033546 948642.496055
-872422.062351 -408570.615069
165566.875450 -276989.577304
-382142.656776 106854.347698
-930456.688285 505601.471277
-349935.625314 -802140.345033
625973.606926 -673450.022468
321872.309668 131527.200497
-531656.024904 658880.352454
-369695.485536 663114.860753
-184693.116612 783528.887616
-652345.507934 880100.779767
735976.221901 -907040.561123
68853.464917 490854.797777
192872.210131 -503279.661815
-210538.921725 -654101.261055
-95188.086286 533250.000179
824058.566825 -846694.527450
-390370.677293 879448.098153
-570512.644595 126560.530028
216974.315291 -484728.028988
233182.735658 -997684.750331
-852318.868549 482841.655034
-720106.232005 902455.908820
89081.849173 -682232.781983
-895181.731665 883410.652014
171000.102164 -995811.845664
-592744.677055 441213.262095
679216.469324 257938.339888
-629201.091350 925230.614957
161470.962400 -272885.263123
-730454.941072 -679090.180893
967175.230731 719301.475960
-793491.067654 284509.988583
-575581.662040 380086.692630
-893807.758220 541471.116709
393368.835098 -400014.106317
-335212.547790 -410156.649871
685413.310143 833078.017831
-324181.218075 488177.063292
-962672.728831 -77013.778851
901323.200895 211908.130344
-668744.502444 753954.963732
968695.924709 639799.306734
-31906.290036 777629.920775
640172.311638 -782372.674310
586592.436998 -165186.231879
242874.919293 -720284.024252
89778.713557 -29138.128313
-742211.878058 -656267.047266
-987921.228125 718588.338750
987103.734313 546549.529152
441557.529531 885867.726136
320455.522176 170955.134095
-949204.867338 441441.099977
878370.834920 208874.183078
570842.657018 654726.624849
730026.192666 264496.251375
142406.447384 -51516.463490
-332567.037826 956142.625231
756686.761829 746427.958085
-891194.773152 145590.365651
608062.582656 -605744.021942
90561.259734 959039.035373
-445583.291696 616892.683090
618092.126317 435916.116606
-639836.468936 -829191.554307
-932795.238336 384017.151199
-953256.670129 154155.052645
-629274.434223 -726973.863106
-424518.283311 -981426.617846
940579.343286 861993.093341
-738328.405367 -467079.271455
371556.470898 -823053.601082
281508.949706 534752.241208
-774053.696015 516441.846745
951804.197531 993458.692828
-829709.750422 804259.788319
826217.199665 -486767.218910
-191998.527283 864721.246479
925971.149721 -536232.200023
-898752.691362 844896.158709
502257.854305 924684.250903
555568.204295 -672142.482625
-923160.576035 -225057.777877
617888.366754 139629.898566
-428151.585177 -44525.948696
-559751.023405 -599048.747432
825787.755410 633868.228425
552961.586358 -957234.365295
125031.072411 604378.543926
-651684.416658 914377.947120
575261.131153 -536139.003963
-373135.653555 432543.006025
751820.809540 -402510.379337
730342.970443 373345.671953
966222.652348 -998858.611792
764589.572639 -829242.717357
-39372.549447 149288.412378
-987005.494275 -111928.728299
512659.953541 859920.589382
912936.414898 -637412.499041
251127.595630 -789971.213148
-707719.177299 -484653.355096
-90673.907677 242193.857739
163173.079048 927649.972378
795111.305640 210515.150368
144989.711913 -43946.636714
-810414.805467 523386.628272
-572249.430716 -793587.939504
-864487.828733 149483.822350
852203.234501 815152.546742
157186.881976 -88761.798182
-876542.937404 912296.849439
-459674.419710 108480.509420
632891.202146 964594.758668
-224539.211751 37694.719529
-242232.434977 789304.019105
-363684.694705 -833943.455290
804525.050135 -778791.204171
581540.629987 960348.171021
-487059.487804 464715.481034
214051.814480 584341.983160
362176.418269 -310078.325801
-464029.861097 -859492.528100
230759.807801 119370.701906
-357536.017013 695169.215560
-362885.509342 -778230.528271
682101.155286 -297776.562337
141143.587177 143392.169529
-111954.106130 -1623.246603
-201978.586366 -809458.492742
-213415.120813 -872821.706776
-774621.866466 -232765.333105
-698915.876083 -204285.828962
-511991.622715 832202.837960
-170097.173393 444089.942060
-920809.782288 -262796.658405
801337.408762 -593519.556535
41114.650517 -331271.196846
-482978.207094 -28354.544266
-671442.251197 -193319.990235
296163.298801 870182.080004
-189228.969343 -50282.968945
-441751.158666 424667.008918
-889846.143117 394946.252712
563074.220461 930945.766822
-636601.193138 101674.873997
-399382.606727 -597997.916317
44760.460206 242405.453497
-140494.237909 836983.466642
-324550.670268 355069.890756
372310.717242 -710380.040315
-532260.491123 -770548.340333
847428.272452 403154.673742
461006.377709 -774660.329978
630066.029218 -944107.104708
97415.771310 -704171.971874
909320.680197 -225474.668103
495806.969884 616738.098339
-142728.779243 615300.995793
183827.926400 -994240.200172
622865.282470 -658035.303686
547943.385653 -738835.859535
-275188.509811 788896.465041
-727141.712962 454513.188665
341603.088635 31967.063913
330679.064607 695044.508858
-684092.437110 740056.557707
-469992.230636 -673435.758210
639952.834646 -561858.951869
870885.616655 972117.940903
958463.886496 -606198.738647
224556.763165 -337781.434800
-682188.063090 605950.521198
302004.877047 842543.483710
659674.786964 313919.208503
918248.416029 -687379.331847
-44225.536416 291013.948077
537052.418889 151061.761033
-890442.764452 -152920.498290
-389070.231140 121496.839284
-109197.210774 194103.335325
-128486.747561 952256.931655
-186183.931054 679357.833454
416734.706181 325681.874577
-728831.710011 895022.267047
-399856.898044 438164.240058
210775.716457 -276601.673601
940499.840307 -37496.835193
741294.232852 -428116.100946
-209895.146124 -477144.137964
-96641.700307 -850051.370928
-819122.918218 -699839.559861
-82523.997747 -767412.112323
-773541.103736 412542.035773
625771.634440 830906.285484
-222200.310045 935468.314597
916370.005784 932416.667869
-129492.180894 924464.328568
-734324.996149 -636091.952439
-25537.624788 -533265.253927
-263257.956789 -988175.537018
423161.724484 -787048.894064
247006.702202 668430.642528
-596201.783289 -926325.336743
24181.300635 372170.006702
-241553.949484 -355143.639967
660057.045413 -802218.526927
440811.917520 453195.600657
-888734.090771 -607687.586887
215281.880944 699140.415309
902643.607445 -664076.089818
-785573.301821 -946224.876273
983878.106344 234696.959172
-738913.712505 243028.670993
850334.721295 678308.879137
844248.494211 426517.378868
-901976.505278 -597272.983196
585485.449009 179156.168900
639793.289808 -136356.076684
-226470.026726 481953.069772
-15596.240107 321538.786026
77594.368508 -756208.598664
660260.023874 -733925.840144
-493393.012942 -517146.021969
15174.624420 -611588.584695
-74526.840632 -142483.195284
750741.239342 -783505.538082
200564.475738 686836.561130
-629681.019924 -421140.027623
227567.427204 128521.508814
-130592.493241 -664977.112925
-489856.238568 -326534.452287
306463.644150 795698.662140
366338.234421 -226676.663612
-692403.097377 -616610.179939
772259.940004 302976.955704
300057.860524 -173673.770002
291601.280675 249710.399079
-566941.486861 531114.916678
-934962.091643 446811.316942
-485005.393125 800354.032458
-573752.983392 929081.952261
298433.637538 69117.985694
19901.197781 -404367.142905
-297983.982213 283299.134714
-658403.912437 -707053.264118
-196802.042392 -159982.166988
-941962.947926 -115468.235861
306830.124070 -52966.908296
-631349.100434 550271.168791
-74194.520945 -199999.371043
60842.416420 17850.253641
338653.727290 697312.578852
85619.204609 661970.025916
255553.483014 -154386.259427
-970989.511123 176052.086999
-873960.371027 -388653.329653
844363.140374 740936.633679
780134.634204 -114994.931691
-578367.792634 36348.283382
935843.771873 -924132.947953
112014.636549 347632.210349
23053.795893 -151786.742623
-377324.907275 -630915.153656
-963579.799847 171186.862972
742094.591015 -837915.569855
248411.496666 980171.790357
-911946.436416 650299.822033
235916.918415 -78339.285249
-162515.520145 991392.821247
161910.535238 -776904.710733
-206496.566543 342615.511983
-528725.160193 185847.282650
-411964.445493 -666517.982134
-826651.223137 -697821.354311
839626.040212 852040.798268
-85094.105988 -139843.949998
6268.884810 678101.115018
-276885.499660 659499.971346
-929437.516326 633584.987821
589403.170512 245326.642930
92489.450944 540001.587646
-127855.746620 100098.168874
-790131.097955 722171.614400
668458.479677 -936815.975269
431237.558561 272247.580804
801088.559797 -256944.869356
-292735.841993 -158006.803723
19495.415731 -720034.887617
-801873.034829 -435375.583546
-498787.148629 -97113.732293
-992971.610918 800010.343144
-501801.288438 -156484.199359
-922424.705868 154787.527185
-45981.198430 -685299.931541
207771.249862 385332.110814
-733792.534237 -521757.201791
178907.284289 -481593.868193
157640.278866 474375.824264
688597.188063 494899.000752
-780891.065075 802553.480409