600
-547011.863530 -997819.181892
93268.798944 -154388.688927
599886.934294 952231.728556
-55011.915163 -230643.060590
-764485.354847 -453160.947531
305988.785756 -239322.778267
290268.990504 -92415.645422
331847.544256 -526638.773484
-993009.665939 322397.132602
997299.512872 517912.526299
-53577.120616 495280.746413
956177.767502 139885.862266
531239.904916 448185.186158
-504105.502882 406030.466663
-482531.090279 501832.870999
194435.144671 -34433.570426
-201432.342394 969474.525858
-645971.842633 318500.631968
398614.934245 -905843.235741
149667.780965 -527112.569999
66277.064224 527806.393290
132034.744203 442705.135571
-622136.570448 306686.445804
374933.057355 183690.457835
836119.848751 -39999.717469
-477961.820351 506093.018648
439564.520807 -188605.994568
316545.358963 -11815.382968
337903.378271 -405884.838462
-349251.817911 577765.664742
-245612.865139 -309688.581941
-186434.431987 -811212.263693
418744.748056 -683212.633014
702321.116758 77189.796171
-95675.673553 793631.583177
-902084.683194 885972.761062
679987.947363 982309.069317
870176.976388 -613802.876602
605398.434632 -17399.190143
588384.266856 662580.343294
543992.722635 885372.609122
-804747.063621 418570.604401
327653.889186 730882.586848
22184.363260 6142.824488
94386.709896 -162824.772338
787147.764107 321445.024385
959076.642540 -790983.840887
-647181.796684 236014.524349
-528374.061676 718085.640583
232937.449955 181474.880317
758594.494269 -959310.186014
437487.203465 -447055.350944
623442.231641 166649.129586
-526324.892207 718542.205216
768397.097487 -792958.942112
503864.817919 -738032.583647
992982.177926 -46656.216882
-958910.107267 476705.016808
-942880.214159 -104217.580622
-432854.595131 952943.984226
716969.827801 356210.842408
134944.177320 280774.264764
-46161.345545 -377153.494985
802205.043847 99853.312423
759467.969995 -681819.135979
-95254.963021 -876323.144301
632325.095045 -206492.011707
-623208.160180 820653.852658
-440918.297747 -776041.103359
-856354.406775 425568.514217
-790933.669687 -626917.478182
-707097.753423 916977.405444
687386.281666 473311.571603
68515.512787 658351.391629
283992.522251 -506879.732931
-930878.501735 -553041.921042
30262.874624 -714275.689357
414044.160112 -779308.903663
-779037.416114 -33929.642902
-334104.252177 -114580.065240
-587441.667304 259457.562752
-128473.525440 -98273.815760
-848488.793238 679159.573170
-987937.983121 -137627.190882
783339.868930 -190237.300935
-827202.895670 -110266.923575
-292124.214206 -456830.398180
-931551.195798 501797.569445
-958212.184134 880476.763300
-140556.428667 300682.836029
-717836.398270 -304381.881450
249403.926528 713184.145918
-650361.679126 798063.294671
-818922.789957 -90553.397881
545486.843765 107380.446064
742137.333911 380469.057665
-388580.769244 65439.811507
-256938.791607 -101375.665070
-440655.369769 150743.402384
-157574.475714 649821.083710
-904541.562492 -508216.170681
725605.232778 859475.147042
305568.834763 -212349.849003
601891.531405 641071.196492
389597.817186 661723.784534
-98218.420518 -298956.157271
961826.996686 -806207.721672
-579893.151220 283844.122071
4476.801499 -426142.590399
333358.857131 374409.746566
952159.625465 491418.532241
-250857.806862 -413061.698762
-659683.645425 -799392.825913
-801782.329111 -766569.587332
720854.961294 241121.857865
212667.906313 781951.399474
-799308.919703 -960491.425677
258813.080954 656644.925602
612991.507494 -448776.396966
639789.187452 -265045.455219
-505051.448314 -958048.965702
667371.972845 983119.768921
644158.835324 -953843.077363
632012.135808 819303.808571
-859562.596528 407320.571147
528650.140798 -217895.251154
7885.492134 -853135.831820
255832.243191 254503.744540
202706.003441 -381895.908621
-447189.196775 152525.330288
-866840.894988 316314.737269
614230.982876 -246978.753708
709373.105495 -10015.543462
-999143.208933 -727391.157011
813656.995878 53931.784024
698487.929690 416430.691965
-241353.022637 131279.294013
24143.087452 815537.925553
481066.665522 -209570.123941
-447387.548152 632612.693508
-664894.405165 -80690.965324
55807.076787 286844.810676
-431975.741418 -623543.817403
-579104.589977 411388.323963
230798.271475 -621113.276699
779700.828923 41522.583817
-938301.949325 -715671.383945
-535929.418257 377221.509154
-604136.771037 -150382.773822
-705313.090397 -193254.666187
832118.668106 550895.999427
962391.576900 -951579.753663
-466131.276187 38080.400528
-625876.203728 -204772.994893
-35355.283573 -206098.441798
144217.860486 535176.801888
-273673.286612 730773.752502
-842281.202546 39447.855863
832751.866122 -477788.882982
-363012.796469 373162.206833
664594.213806 335012.152977
-581942.727374 -878887.995249
7891.829129 -233253.497023
47829.960681 382164.080457
-573734.521421 -502760.475731
159019.855261 -578463.884027
-590012.649234 -900518.166639
-139355.816965 560129.319435
859911.508429 95147.525477
-87281.682588 959983.350822
942947.259644 347121.877817
-333348.749638 -851670.045614
372385.241102 769567.340465
790940.679693 876018.516363
636186.469089 -650156.402801
296279.512597 57599.319571
279693.724115 -84282.083771
899639.403317 -116463.907970
807291.602155 -242312.439975
-376267.246463 -931763.135281
419967.638957 121889.161764
589356.408613 572517.050088
-935441.484226 615810.647468
-92981.172228 -745646.571489
905105.746632 226324.155623
416423.285787 264099.248203
-352546.626365 450406.859365
623798.642897 -898293.380179
122121.644664 -38932.806225
968409.552534 -313253.679226
352847.100446 872867.842638
-870480.461031 731453.927751
378628.132177 127518.651556
333065.877223 805996.863032
-363528.463070 312578.468001
-253457.152300 -144185.161192
717056.015323 -786573.487265
-655520.218837 56413.576469
35557.791249 756740.066607
-769062.167155 231218.904997
-983446.238526 58729.432533
558701.099922 -549252.158301
-392793.965027 -838495.164502
-476683.113808 201824.858339
-142787.763324 917662.859988
933464.631174 661702.356056
-747468.753964 761931.831217
183179.459207 -886914.379381
434686.465802 48290.789085
780108.409319 -872922.787731
-228785.379638 226868.852948
-988395.453659 -143070.234125
412561.379480 178715.779917
723336.218597 -842178.733768
706640.499493 -635834.722907
933653.357840 -395283.560755
-629159.311235 -743412.909305
-802519.300111 824854.329243
-707978.287991 -366736.264919
-257509.906398 -172343.872518
-604925.151534 -749076.966664
-726312.829619 53183.680257
-421314.969817 -667157.673953
-455842.221920 36868.076321
298325.396321 -951837.982292
-398682.850464 -18673.606908
-427738.792888 898746.199592
-629344.324333 331436.028790
-977269.046048 510357.955324
801106.725999 -614358.165747
942050.501018 -634756.588342
-297219.381080 -207808.477505
-833322.724533 985754.145419
-603305.852280 234557.705868
-282543.190672 -690940.646108
504131.493033 677192.257391
483968.894797 224305.622202
-552080.132002 214932.261391
-230709.868699 -731818.237119
-457168.812571 -408550.459324
785542.706272 -70941.245347
893850.415997 592783.286596
-350229.402414 595447.381013
655365.300363 894023.401415
876593.785100 -901992.068797
200358.961806 144397.027169
-245562.930302 -816362.882572
-202828.629781 -393342.915755
577712.746676 237550.998328
654943.827829 -957435.778518
-958311.360381 901059.377420
23294.080954 907089.596342
-262149.534592 347278.362233
-892636.299380 891255.218396
-87216.008932 955532.666805
779031.378391 -114384.315317
152510.405903 805626.159301
443443.250236 636878.861440
399011.100022 357680.990709
-898432.474720 325389.632425
268904.215472 -403465.442745
-45059.781481 -900954.668593
355085.100883 223461.923440
-157129.442282 724645.416922
-832822.886978 751426.258626
-492513.487357 -761698.783975
496.594605 -476286.681741
267839.760817 362453.295985
785919.644598 -976542.642350
86310.249367 -32135.974681
641167.200788 -36553.067107
401489.043726 563194.513464
-75248.705997 643234.115202
-66890.996432 762347.762188
567523.567240 46512.049405
-454463.950808 -973868.903267
863751.091074 523849.530942
455659.054052 -646850.268900
164200.069746 -441570.521062
-285657.516616 -779116.391841
-657477.277340 -581001.518107
633136.942506 690371.570139
280870.119718 -496416.989857
-151200.638022 -887634.006613
-248157.498444 152745.721700
-365270.701645 -403201.685460
-655418.826943 -520671.519326
-365477.025066 748917.747049
601713.243756 -848323.582023
104696.827970 583952.505790
538640.621272 -115491.033083
643488.503615 963950.239153
-241698.436266 958081.097170
-719775.266551 -299919.246811
5727.286428 776031.548576
644397.662563 -874095.408991
-653364.436494 426101.575407
709016.382773 -203712.692804
-995011.628087 -276038.354360
493130.418557 -638859.557404
-412657.057832 -74921.589814
-299488.927308 180376.940247
103965.903102 -408524.852496
-794204.983232 -570684.575411
-64962.063872 775649.698527
494474.690108 -177478.025395
273900.379477 186576.453644
980643.698404 -894205.235008
-570578.866667 -672620.040734
-605524.497634 299943.624054
-734048.673824 724075.638460
784990.812531 988984.292617
-784451.721722 515351.329899
-427135.092018 -387255.960339
-44277.789621 -851576.053752
-288616.609162 272911.529173
19147.034339 292395.954895
-997994.147823 288327.457191
-754815.880427 225216.663757
6142.619506 -822008.361273
-138749.368270 -570877.240882
925919.933553 -923713.257848
408956.359256 591966.739269
-836512.465553 584596.892807
-768049.296421 923637.182791
53830.963948 -578864.748365
668540.334878 688252.501589
812209.824553 -361928.121876
-118911.319769 -147357.392792
-324152.876249 -557563.063686
-36992.529989 417995.920764
-673219.227172 -606534.557365
419928.474639 559526.264682
-875280.024803 955529.498078
450540.133439 537061.969525
-24151.800209 -839159.804626
826205.136021 -708553.589789
-371715.637954 -553256.202448
75828.523324 -678437.328246
-591249.565776 -787879.937911
890179.602918 808679.354687
453333.061616 544225.596056
-531168.636235 150856.356037
-741960.154574 860421.266793
297171.929083 -347505.305257
-16070.954049 987255.051892
60818.676282 -211485.596867
11075.111384 832944.884057
-656751.811415 -393878.090285
790115.478770 -51288.647719
354916.856742 -127256.457036
-333565.809218 -744675.134928
-678011.330932 316753.299048
-613134.696871 153018.007614
-45908.726704 114876.366444
-872445.846936 -918618.302279
40192.752247 -668946.827703
-901094.999331 270470.504103
13068.005073 -491207.508301
-488760.588705 -430942.944693
-435483.155872 -463239.129515
508211.804538 -270726.955608
267542.658764 -79735.626768
-355999.345327 -16470.586641
-67521.489394 650300.705348
-481444.144599 -333956.535798
394375.167836 -653850.829482
285481.507652 -165705.231897
-336334.084437 -614827.618511
825522.314833 -248779.840067
863761.759373 -645598.974119
-375417.578847 876629.250684
27578.886834 -624865.468859
-534977.547801 483612.468840
661950.188545 -198132.976895
106175.005022 -606754.577365
330564.042136 -37513.998189
-614090.949209 795372.888072
648356.443586 -342720.654727
340462.488388 -314772.449434
887601.626795 144978.095456
376078.563921 9761.008966
367581.514702 -101053.628010
-913240.470899 199788.303670
-813192.958590 185680.651804
210247.541560 392938.076892
366692.668109 -892568.810478
-399566.426914 -505866.648496
93774.795431 321425.700659
174932.408381 -898800.324924
-75074.928858 227746.702444
572399.886329 18275.937256
-9898.374173 69831.717866
939591.182452 -556673.698089
-511813.880385 825762.256458
338562.366175 657285.592305
510139.165664 -37411.348560
303411.987306 -313750.615142
-434555.986899 253202.292900
-767738.590299 -774275.629583
-207290.794550 -402656.981814
-575620.622080 -707147.509458
258958.743928 187659.766862
239611.304872 -794254.037569
4454.616864 -284898.577912
-539893.416698 779247.882612
608553.428901 910520.757376
61700.521543 -592970.781525
943934.033795 -216576.896098
-360254.811623 414082.646969
-80620.153524 -166716.417269
795198.674132 112575.531969
-131590.362137 959732.796619
636176.650059 -869885.151212
-557739.740870 337612.989397
520153.598137 362405.009342
-451289.852342 -401667.918278
920343.875331 863546.691672
596794.328793 -962417.805436
837529.215587 919325.853084
-478813.800792 245098.866775
340714.803394 541881.309472
253477.050636 58369.847324
385363.718825 232621.353053
-420456.313777 53675.488766
-201258.500289 150051.224829
-531505.391940 -212055.969895
-369430.527461 641910.767444
-775772.662660 -604521.993525
359180.096384 -440965.450454
-843156.235994 -366715.192633
-649625.679692 243724.795888
-750187.475166 12284.041707
47847.532161 761332.965449
406114.299400 -210648.723407
-36792.116498 -213472.490257
593065.220917 -889707.891870
-104192.086153 -905135.049880
-665180.843010 984205.688371
873387.628156 -101964.145188
227654.695607 -909051.920792
-174416.781246 -239100.453045
791283.351840 653223.596228
439353.599128 -536595.746000
438088.949302 446214.015007
-624026.014407 758148.290250
211697.885812 -140804.745338
-914646.867611 257626.242874
-895743.452663 -185988.719050
255264.943253 -298052.652491
95024.695025 343784.684264
-251017.212903 457958.289661
-620757.857528 -150882.267645
997416.171768 611450.997418
259731.904435 -623203.665716
285630.276005 -225052.841457
896108.915146 282192.518572
10794.840567 195175.824239
746307.557555 946385.084068
977105.106889 261041.795235
571150.918852 143748.516292
674021.137163 92568.829632
825864.073251 -569931.927130
831223.775503 -937536.274464
-421912.040190 -215090.473678
358101.964344 590357.067242
-340114.785177 95279.950494
-10572.039636 -415944.166170
837991.683877 285534.148152
521671.664934 -421403.366821
-283283.275129 -694280.811979
-616429.733562 -334292.826196
526350.892565 -589347.210732
-896619.563032 -898425.291599
834180.573924 1910.306487
-69931.956049 419305.863417
784795.797270 340461.248808
83296.959555 199590.139737
573490.346132 -785224.367305
-889430.556262 -800235.736376
388764.536437 584717.365486
285652.845674 780317.200032
633735.796842 299780.030386
-805335.894534 -546148.176645
715130.799873 263052.284912
868511.100335 -750676.317689
-648884.329757 -152292.400972
914.752881 254252.981480
154337.096348 -753434.139517
-203641.912313 636209.408807
36786.362723 932072.790879
-689512.174324 762457.893610
-420365.441506 190439.034054
-530390.040667 -459457.426054
294556.338664 801467.034064
-182853.658007 15202.775584
-805400.146627 738766.260056
704066.303071 -875899.065796
-714704.050243 -973462.782787
757202.810655 -797617.917479
732048.307284 216958.373382
385731.927268 -664100.646608
-893859.246545 697293.279839
-67446.794785 -251430.524701
605044.102292 22991.434038
-910502.607963 -908894.417644
276367.578415 134831.482119
971654.607438 -691529.204695
-447938.057080 -214567.179460
-289063.102686 -172413.267571
-478160.513703 -867100.661478
561759.371481 -86047.736835
-179506.098741 -342445.781618
808349.335889 -103827.772746
-194685.471393 -863568.063040
-312624.900042 -176133.349563
-512177.227998 -204275.083848
972150.243607 129095.324502
946258.923004 -665123.161612
-107232.420224 -104015.549453
713397.945951 -880477.750020
-851044.469467 -381292.980696
68477.590462 400612.701390
204023.988546 -530334.452851
-984537.921869 193303.977469
925261.601028 779064.787001
223594.220909 -90877.520576
-183343.529436 973211.974154
-574019.757460 237732.489109
406315.115204 730413.905410
739357.404292 271313.817615
653835.937068 -361437.528660
-35837.179612 603528.476865
398469.691312 662388.245140
219999.547935 967705.178294
-564118.548995 -9239.268699
-417441.841642 -694226.246895
325987.521599 2357.496732
297330.751994 627076.139702
-104145.283922 749808.189542
144275.724092 423278.566114
578521.950488 303303.207221
-355723.799526 -362801.159576
-11011.960512 345660.331798
851814.329281 -242751.805245
375850.973645 392843.576842
57219.152345 322037.365414
-553512.551542 -472979.587113
359919.507297 990951.318016
854635.176839 -204842.933961
457583.951012 893857.044387
-178432.671518 -227254.635036
-907819.032622 726060.798197
552461.640518 833182.797757
777267.172408 -787599.784354
-615711.739859 -784382.058748
10798.614271 485904.251032
-361110.584268 -748714.730262
408841.845454 585418.546605
-549847.775005 850429.325986
330658.792602 359378.316010
731020.414973 -162407.852113
116020.255248 216604.112030
619705.641827 695048.224284
-877737.022923 -382954.454362
298014.617963 -406609.860095
-778747.572095 -611582.899400
393413.930888 -528403.103636
781889.775836 722098.115964
714390.012466 361563.363444
288972.573164 843406.648659
-287244.301107 173138.177859
631503.848154 -731211.330174
-212938.884227 -754192.507187
-193371.030534 -880705.722563
394854.987914 -281525.635884
-364351.101100 384954.627531
280445.639041 -675249.521435
421309.053527 -572411.616539
-415470.174019 925297.865742
-221436.769678 134845.261073
995122.445301 904853.252638
513344.717239 382463.338392
573512.248845 -163137.418676
767367.899708 440913.007860
-130989.263368 -645435.577061
-997730.193588 -197314.907250
-442320.553971 600906.592994
-971228.711169 -323308.562998
-284734.235382 793306.328920
-932739.977112 -903835.795423
-719107.591428 -636097.906917
-717626.056384 80239.892900
-633844.255703 759781.187268
259759.052311 953230.316271
96260.033019 -780610.462398
758098.707825 967552.906620
-808164.355928 -985332.993128
-647024.582836 108095.080682
198861.175727 -558837.848853