1500
137007.697981 -250586.624974
-334973.667303 -823903.534121
228061.168123 834184.498983
991956.600045 127094.153760
181914.562317 -764857.507233
-119000.202434 -647927.459514
-834890.536068 -955097.379579
480863.493933 912673.068122
-241491.995488 -972198.346353
-218045.466991 -1665.331128
594117.842449 609782.574496
-825645.904696 -875233.449375
402330.319248 -831751.665979
-285330.536263 -250049.336766
-330134.674517 299885.709820
-549486.686976 -489571.125606
-574069.665297 986456.999167
-585667.373815 -28825.351023
-496918.431354 -805333.580119
586705.345279 262952.911071
839866.758505 577696.684607
-897077.039475 595239.409179
-646441.954780 -519348.892426
928019.022619 -453362.093580
-705945.351559 804038.173232
126967.269030 -594243.938783
-952089.393926 542043.433232
725632.697001 577863.887387
122624.302883 -653408.905402
-601823.433215 415765.922159
-657902.080532 -710413.042516
-93083.982541 97759.691561
-949074.508555 -736828.405730
481422.329977 814951.289797
309119.688691 -809399.046336
216271.434307 -404444.739280
-311923.847041 625996.533816
772002.081281 -413786.059270
-139258.198479 -586660.130133
-531526.713449 399746.116441
-94637.398380 660696.048616
323350.919471 495203.914648
-148913.030567 871364.411061
786110.021086 319039.974136
-458126.059657 945965.070858
341950.676914 -752178.358464
754093.576187 444283.433292
844952.989832 136876.290185
-360937.077149 709853.197062
-412632.524741 201482.780485
443957.427717 864565.327486
-600158.597024 537019.753106
841476.943486 -155735.430219
-875330.321199 706286.126291
999386.350134 300294.283764
656339.777260 532349.041047
697314.926799 -32963.418743
946861.352498 610971.522288
474875.818757 656060.368773
412831.511257 -426299.767331
-409004.041819 -27200.819639
-424045.683257 -887822.572696
118357.845369 762736.172287
549749.770060 201811.729157
-503721.624566 -140360.645622
14064.505938 -812936.074836
-907459.111982 868502.366367
253717.247902 65825.647900
-248696.021504 -763657.817594
-126244.766879 -674518.741441
-327990.278157 -866795.675240
-692660.480394 943591.787122
444115.019672 883609.221336
-422986.984160 163197.558499
-812498.862650 -127458.599118
704216.880304 -962516.381170
-386044.129286 -162349.669836
273564.702518 -696733.967470
-969715.989769 171148.847817
-330476.816995 -359209.878022
906811.941087 -640880.931282
-751043.850351 636895.391797
-112079.918387 320563.801721
702256.919163 -891797.425974
775929.264185 -215858.091751
-487278.991670 -253907.327999
47098.302139 169791.293110
359918.532592 -533202.170939
925289.962202 335051.394350
-200067.942114 -598894.357849
-246947.954091 725737.944099
988240.781233 539173.103497
-327034.133142 350851.356783
-709485.083917 -133502.268065
275588.490537 -305239.776838
669323.010397 -388613.280840
-350917.867411 -30532.746330
-986056.284243 286737.167672
-861673.901964 -348664.069222
-209594.212682 -388321.287720
-24363.436246 -194797.197611
-192999.723620 -709940.637013
-340729.454497 -718041.102092
546702.554041 869061.722247
-728093.139787 -896077.214982
140124.736758 -331769.517470
69888.186253 478496.641174
944446.277976 -700204.279727
824253.848977 -879912.673954
524444.615466 127474.155450
-548324.087909 562060.183140
85952.391037 741752.283649
-778709.819879 -796292.103180
-185679.094416 -359983.172484
587377.059246 371680.547775
801452.042687 292289.000410
-262937.279751 857174.179074
213589.467782 -708890.598609
716570.710462 450895.375852
-938746.834314 598359.453457
-912629.186704 -355260.471583
567534.581805 239671.472984
60950.236178 733676.855022
-328128.323090 593945.805045
-782114.384600 -853607.470776
-716965.156239 -502333.394059
-71729.319780 -622629.291205
290597.412438 172844.889924
-339704.893846 -135196.525448
224219.715711 -601668.416529
-201685.242003 886310.493228
-393253.122500 -946632.927227
-807038.705972 752532.003639
-838795.441893 191470.247180
-63487.533481 -506264.730882
-829621.943515 731115.333188
700300.471831 342452.689900
526807.234711 -551452.083684
129123.071685 307401.432385
566097.020791 -221222.865846
-839297.593300 -219503.860133
12145.272439 703607.373307
-588304.371544 -285814.398164
-190627.328813 -692339.394640
250702.829041 -812499.136234
42023.000738 -952051.256542
321167.985321 163689.192198
-621543.156337 582536.799900
148522.952467 -98633.964730
331313.202351 -620368.263102
19762.061974 -206182.994371
961531.188395 430839.338970
-2918.433781 -93798.462782
743382.889287 925167.645047
931699.721191 -794239.733847
867093.566729 362074.936692
-712712.909672 -844748.354274
800154.404198 -991015.444909
854881.534475 -188478.339852
-309269.708717 -245609.433180
-204468.401884 226707.123542
-650424.044194 649369.570094
-380883.529203 -498609.337911
-494231.388265 645742.135323
173012.737416 -313238.602695
712678.219177 721247.509643
-821667.654690 229056.440132
594020.433297 -230390.261990
-147407.349505 -563281.960534
-803984.340453 -296553.025968
-927559.306525 -216432.281752
10335.903953 739204.462179
509466.080908 -26746.895878
160011.568917 438459.710188
-569795.743706 442079.760762
332145.486977 587243.282467
-192399.972154 952674.706950
-102662.581521 -798327.070679
-329538.525220 717281.959769
-733591.157915 -130073.168723
15337.896267 -105601.164670
-339577.280894 -804904.164703
60462.903047 445504.224175
350000.517878 522362.670942
-473809.200069 14670.849218
-775127.203719 -677847.456114
-248712.936537 -312222.703246
-737032.151272 -643113.296422
-712629.518653 796611.767792
537426.238843 -397344.726957
401311.452238 982652.667655
-950229.576994 -578119.086475
-759910.301402 40973.586518
-146040.686599 -217385.399749
402769.978099 -806994.245310
-514767.984722 -343893.657136
-910859.727710 256826.393584
613088.464185 -850706.937045
205793.447046 -141817.833690
543089.436411 827242.912464
202572.514816 422630.971378
-908050.980238 -232880.383800
-665420.708104 732415.815220
-116451.853461 427876.020211
-550872.565590 -333038.603046
-479239.897295 820874.689979
-115063.448835 542363.862058
661218.017846 -67173.862218
-322251.330115 -871481.610615
509880.430941 268226.731007
-184548.844154 644717.716334
-897898.979517 763621.626573
-958305.140980 -138631.453122
-832666.994553 -244284.604148
-234283.663497 944452.995763
-233047.730485 -717874.826091
-570462.837070 459877.647674
904404.759311 370756.840719
-773251.472327 494262.230762
978627.770230 33926.433272
-694079.311345 -672655.214927
-493817.972003 618520.652902
-865593.047037 -212500.875047
-380514.567065 912169.426004
-65675.306959 -763980.718898
-400086.606460 667906.172114
497207.677053 -801198.613208
-701426.624433 534706.111258
826073.180863 -75126.324141
-161587.725801 395477.220116
328658.927112 287842.925956
440093.448959 266279.636510
937367.660671 62072.472760
-106151.101748 566224.871095
574013.102257 390341.685117
-791903.165936 -845663.137191
-279314.438475 48314.997756
-508700.157564 -194010.764451
400391.163736 -81406.941892
497194.641677 783259.673458
474140.144264 845059.563273
78592.027149 -581799.667671
548281.067657 206223.109550
686452.757182 327159.617417
748992.355436 -402052.347814
-136084.081824 978318.899073
-572960.461475 -575177.194608
-861100.180952 -89462.202815
574538.868625 919348.307578
-797106.707588 833143.479137
572334.105259 269125.105424
-150225.155092 158340.300389
138542.750132 818779.212606
-607393.194722 -667466.655267
-447841.317867 390734.402692
728034.773488 -114493.103306
-97873.718416 382683.682122
791759.765573 587119.488530
518643.599106 901703.590699
498825.683085 474260.792159
-82402.119301 207720.118872
377784.102915 -120492.374182
273759.219571 934617.791532
56636.292098 -110829.113698
183883.757703 795994.523660
-699585.359451 -552079.682450
320250.205563 779673.206055
866055.881530 -555150.220264
553879.038256 969336.988427
542804.717596 -260319.613137
202562.613955 -341575.177941
-260100.227665 53850.304419
-393324.473907 -242681.581830
-422170.068377 202284.262508
832881.266752 -203387.477868
-364783.080170 -969669.528915
460220.076403 -871189.436449
127898.747836 -39251.093885
206700.430086 -687494.091178
847621.766893 227217.995954
366164.892642 290709.397752
-38576.736215 616430.298299
793647.841080 185232.099862
-605817.496459 348440.894249
-276170.311222 -36382.068500
-718723.055029 350596.416477
-489668.181448 -84483.958209
32640.859778 499684.884183
997653.428855 271855.565293
-383669.834944 -404831.737273
853786.691577 791013.542887
-397286.827375 543812.615337
91994.527233 -453055.850813
487647.402738 -258819.186398
-983598.259579 304731.603505
70688.050313 -925195.418654
636048.393285 207071.366225
-329380.960911 960406.115022
672322.624562 -421989.108332
480140.718195 688191.217021
274494.117363 93089.566444
487152.716683 -379459.266679
-506456.950578 216742.151311
848799.534344 -852606.678590
458623.234928 -284294.139632
-316864.559105 -394800.125054
994345.163233 561357.607990
176865.263143 -970292.252764
-406319.887774 -7985.779278
856799.804301 -484216.256690
-76637.303812 713187.202332
31164.927890 -346642.007041
472248.178146 675847.822166
-62736.484189 117399.497412
-522829.825127 200084.726825
-397262.832464 742990.266183
-241513.264211 -570902.458506
901565.943481 -302359.196568
-513767.581352 -430470.660711
581422.266284 -223151.950261
274727.830816 577189.931314
759978.901180 -113194.382613
-283410.836486 -807002.974151
-833376.804022 -623520.793540
14708.672194 -655766.816933
194857.169988 -40234.373740
333331.652460 -749348.178134
372908.388283 -417958.791200
-423125.821237 -643019.870946
89761.241441 -7120.406393
-570691.165892 -557589.663869
388253.390677 -978579.152670
32745.651199 432600.544605
310211.558693 -868716.239785
-651174.419803 -715325.415843
-726175.028966 -516422.455573
-667296.599133 213852.536095
322187.923785 279089.348259
-250951.925858 -198825.691982
28779.680620 -916782.394498
-414696.510988 -514317.871628
263952.930490 -41401.411112
-811101.969943 -604640.409330
61112.803772 -986036.370972
390860.367672 -488863.003780
-598387.539375 -229533.895288
946360.030054 -286720.334610
-788337.057946 477865.216737
-146162.082006 -225233.626276
664549.078265 -856198.873094
-779722.009474 -308050.074804
485696.310675 843542.826609
-134779.874767 -461441.813351
-480228.088014 -68527.831394
312410.967659 -127252.162022
713447.350170 -959438.396773
268028.851764 -974798.049522
279592.278177 -423471.472010
-768635.280783 -561206.955010
5814.944429 630355.216781
-543550.392157 -984103.939688
308713.346632 -898914.656154
556762.557652 -153214.298361
428477.315205 -327844.250298
-867374.434919 -947862.803599
-83961.394537 722198.411460
-165259.586682 -829652.456337
453144.018617 -750007.703717
45557.052056 661685.301548
749257.697263 139769.459806
-434324.973800 -313435.421868
-518509.832996 -852621.681416
996313.766558 -944654.246503
-754343.293711 892406.920314
625654.516155 -104680.463007
-222055.016903 -613078.325475
-862073.358430 117630.644875
387013.717674 862550.453222
193208.403283 -504295.995808
144057.562313 -572278.831400
-809864.106960 -470161.813106
-118907.172930 -471916.570742
3450.560553 -429356.684080
527069.816412 648240.171854
-320080.453031 333765.789192
-64392.676116 -745573.761028
-853960.925823 894713.342792
167324.652306 -469159.331065
-810850.904621 421038.849396
-832159.108799 633015.261591
334413.631539 -542425.571616
340764.816624 808884.492632
-517272.604755 -771308.713570
-19194.993173 143012.272663
45705.894114 -86312.678278
50548.664593 831263.565391
-417800.152110 747666.000682
-766106.001311 436861.386205
570098.315889 -653901.395214
769023.186393 -481619.227235
45605.933189 517419.343547
-20924.513465 629871.472685
848615.945618 -761862.245870
989970.933948 -9580.464996
-659167.368134 389259.312962
-233295.924669 -808037.091621
-561602.053537 965911.592523
212923.132810 183531.753363
-971975.788784 717799.975577
748764.522030 -65763.127400
-868350.333901 -364102.313143
-558740.502427 -886694.334801
983019.302746 -265319.424357
-270466.090440 -317678.849922
-591269.911826 -910621.068935
980877.580750 463980.270195
610023.626111 -400025.075545
760979.268442 -342741.256997
-327063.348711 620839.548721
131175.765416 630701.436687
-956876.928024 250450.005002
434836.881364 877075.888108
-783676.061444 841494.083648
602514.323873 -542803.022849
-994554.766307 141645.588062
975773.914213 587304.746658
188092.395524 801078.727200
545903.618894 -715558.283958
-541736.160286 -323410.205214
-46737.173373 -772150.470218
-463821.359331 917310.353231
850912.896105 831350.315280
865810.133814 102386.602784
-744225.200772 -837646.550144
-89039.980548 -391632.991365
242389.595377 741745.721700
-474364.039724 206475.742001
-593566.673678 469635.503798
-98536.972450 45746.395966
-907085.659576 408144.528053
917901.585486 -206823.553173
-253438.756379 -495210.056581
785519.357393 830064.131095
102695.110783 -369126.506285
-846288.727328 112931.442535
275266.705910 -557582.596381
-688852.850081 -113633.768608
-995764.890521 50993.911429
995406.502294 -493878.311335
-895061.564810 -167227.708508
-821324.719901 988716.485710
889885.687936 730806.547110
-213144.234515 -973418.539055
-203829.286415 -774418.001703
-454986.515498 -61367.480805
-233140.379371 550607.171343
-105492.153971 -687371.347095
-487037.155938 319742.859580
-18578.629145 -716264.976991
649578.700697 -304047.660551
-736250.001983 357675.989268
-414644.771349 -690563.976069
-859748.469741 853112.717581
194540.355499 166860.789584
241789.955005 -772869.327354
-12591.602735 -539377.844411
-600113.757211 898083.205505
-407039.036751 -709185.216418
851857.308149 -398408.288892
-865704.609803 315522.659873
-338272.111604 567003.060378
-128438.722634 653428.424845
-318516.750739 96367.844194
674037.230353 -939999.731501
757589.624322 941739.588846
-959161.254314 722237.856836
-564707.295039 134656.066984
795388.522808 126948.808133
898519.164832 -114042.503431
-102682.366273 -188948.060921
-738438.795840 975503.856750
-242964.568310 -19315.270952
-490857.276796 559082.026722
948325.276166 460103.157944
-342590.310028 -772444.259483
-979689.527655 -153567.683014
921491.052247 -296265.419837
-721751.559070 -100079.288011
367914.199578 986025.365132
97092.119324 277137.474283
224289.346141 525532.957661
464100.812178 731305.991970
895518.679509 884289.471474
446756.060000 578671.814928
557989.164281 -743721.141635
-530961.547365 396491.451207
723063.307132 760411.634199
192770.635203 -440202.654926
372601.614082 516036.788100
78667.856454 -453934.179641
960516.502175 -15139.399937
998103.256557 657572.826273
858107.513038 -120779.207473
26604.918980 90091.102196
639676.534626 575753.349675
-561533.182579 773752.229899
-225490.160087 339141.647571
-367299.891339 -932477.486144
149220.894328 346020.512250
-345029.014607 -960853.343252
178008.973700 371499.117723
-601375.331856 -373470.354151
64185.838227 982405.697673
-9405.364036 -599412.038739
109765.950129 -821602.899933
-828646.051494 518462.599632
-904822.383437 2612.425159
577098.672879 673777.490584
-372569.725210 866422.989025
-98091.887453 -988696.190625
293566.666138 -951433.030107
524908.632580 631804.963435
-890226.813136 752707.301214
353017.154595 726306.335537
815571.212896 582920.787907
-80742.039413 825762.829299
182443.290687 -417416.811545
368290.292958 523247.993841
833088.047335 -854780.380796
-529477.413692 -295354.734534
-409193.711746 -451908.268465
376910.147747 310816.364195
227545.152267 -46139.656621
-959303.883785 981516.959669
57941.794385 -628714.958852
516416.887714 925921.942207
23387.840378 -232205.847053
982288.149195 -349363.851635
-969387.608490 -945742.526722
356227.316436 -162265.836888
-276884.889065 196217.222752
-350574.829897 -718431.012501
708938.283454 850380.199427
-548514.113131 -115887.488959
851310.644383 -41668.676335
488103.188717 697588.471326
-175638.661996 -749358.280695
-817502.171916 877371.973375
318882.062802 20203.078205
-26436.963255 713609.014973
-230107.838980 395021.210701
95738.973798 258352.666862
158810.787847 307483.809163
-175129.567633 550114.401284
856049.122682 -885373.319189
-808357.719591 793449.867184
569081.356631 459008.119625
-6889.092703 183256.226279
-77007.863365 -481646.351432
-903067.536573 244371.370844
669000.452902 -56448.174524
68348.442992 124487.280462
-608026.693121 415176.638314
128110.907438 555196.734443
958417.100687 -250946.906988
475384.974462 467478.596546
984478.467189 984785.970156
138386.862093 -502493.545334
-870978.893147 446270.128898
9589.948367 -469722.632532
843846.126319 -69882.429273
147170.552849 138970.721578
883996.235416 -577222.027864
-250957.108235 -468713.479130
-181603.801318 -368687.037325
-165839.118147 -896337.457642
-508259.928376 426050.548665
90286.258576 436454.187016
-418483.624016 120178.091176
500746.493311 -396082.876059
-456653.884753 26222.359019
-201940.386608 29979.086174
-524316.585551 798960.769030
-240403.954298 -314395.233292
-855250.563019 -322832.088992
577590.120738 305595.212030
-744842.933160 -552592.576534
164213.073355 -225722.358229
479229.758757 856637.526226
-669843.559431 -729029.680327
750770.699347 -975345.685410
-838234.670888 -604345.286994
617588.498736 316675.503860
-488716.804464 279283.354316
-588921.108922 150863.174751
-778423.611491 700241.408028
147617.898039 50788.355776
-518494.328699 -89511.677930
-747135.064132 -695808.542686
411475.347447 -449570.219787
-424132.172567 -475304.531940
-172462.370756 278778.680989
-84291.995073 398356.054356
-484590.167004 -154650.301492
-767550.185278 118701.695250
115226.295131 -565751.025354
-997303.074740 610133.165341
-83160.702976 -552738.306587
-564503.792807 376505.075666
-604904.721385 471468.745711
-121525.050392 40466.138181
391265.220273 762629.947293
672428.493953 551173.911442
572292.053949 -233744.518974
-705672.369365 -821828.766295
990730.000380 -970803.756606
-399810.625473 -168101.037779
-726734.872606 -651000.883264
461077.143739 274498.750027
418971.938570 -671752.158065
985740.037199 -998455.326909
-827218.316481 972005.108624
-143583.492410 -371974.152415
653820.975030 879088.032376
-3494.414759 -500874.116160
-391891.943551 -384189.310571
-395126.985004 353630.705727
-85855.345076 904838.364166
-814165.933894 667643.116256
820172.349250 -980370.462824
-441866.713544 618165.383887
722023.803959 137184.026435
229026.511970 671957.219824
-270712.593529 -730597.338521
-988192.440359 -382252.353318
937240.534840 -85054.444172
380960.511191 -756929.432263
522507.769283 103828.743767
783147.494853 -443022.684895
69120.209364 -626123.696301
257553.584830 563048.667497
504425.682562 787312.966096
-76764.983608 -626751.723536
996451.532823 -672767.168204
721908.340283 861901.309192
-576344.724686 -211134.019710
281395.903582 914346.029940
-110631.196893 -758018.111670
162914.033943 -73812.487833
-787218.100002 -720879.720483
-721789.573224 339216.630255
-211915.511490 -231436.329120
446893.393573 835613.296973
-503436.464548 -347368.829931
-205938.036464 488014.479314
442513.081655 375142.744596
-248478.315242 779467.154238
177676.459113 -258312.661593
224952.061293 628826.396866
573550.110553 -30759.478892
-989356.111595 361686.903078
200698.903441 951933.575924
816317.923445 383237.511531
265938.277802 -565010.751910
3939.648300 -57202.145918
225369.785869 -800255.538997
-741348.590400 -189571.768779
-876883.676839 -606868.421498
-206083.454135 -387874.579439
-782831.147280 343253.134261
708626.607984 246169.312718
-981183.224014 -343509.486013
-638171.560832 -840481.178614
627627.352651 -313760.142847
792162.033633 -346961.526994
393471.245357 988393.335866
893782.316451 -154180.198300
-681975.194654 133926.829158
-953854.623739 273461.632242
226274.544483 -265406.040528
-176430.542388 -102528.268887
-844289.295009 -47436.214155
947703.498698 374773.784872
469269.255787 -22510.902055
-219033.327908 365143.701747
-644082.098481 -133570.449584
-452854.192831 555353.372223
-153418.796830 -849646.396500
-124498.591342 96762.641610
-568634.559152 412652.030143
-824886.897996 820805.858514
857857.244744 64849.746015
-185135.828506 955039.525635
283124.259029 -71483.097176
-329834.335355 213272.266391
-842449.223035 -537205.289720
-138607.917978 -453363.403187
-528382.994323 -496455.853973
186079.006615 890823.637731
-343605.948774 475187.565028
184275.745648 -222996.406081
-638370.310265 470716.701345
-434425.627415 40763.483452
-857039.243798 394956.862520
-973034.706248 231880.467678
924447.395409 649636.440785
549937.459725 -974238.851984
165800.407590 942709.549207
-25230.391565 764936.780116
-586182.674526 930254.967929
-851300.283402 969428.323254
-537878.554110 103481.123276
498437.413788 -14246.869021
-84164.451009 -317823.324096
221784.530240 883261.973257
140587.326674 358822.536763
-231312.663791 -576266.771454
861558.849105 617094.776156
-735041.091077 -785117.283821
869797.666786 673696.312061
-179847.879726 -495837.928461
32531.660382 551694.395239
-931643.655481 -613961.458862
-123387.506339 75986.810860
30584.926162 -255535.284897
946651.493705 750299.280891
36309.150542 884863.516254
-160615.654116 -917910.917944
786063.080117 -141573.544603
-905412.549712 318775.125976
-176463.412357 543691.877465
-901765.673957 -601964.477479
812324.726585 207390.620851
338315.924849 -275265.353724
-695439.143622 -870799.680508
401948.575867 -373949.300641
806402.925784 684757.799595
346996.453549 -402589.030813
291738.336245 -76109.737732
-216677.256546 -699653.099814
775679.738710 -50741.735171
-195063.831516 -61527.633491
-529426.303531 -780611.909748
-142135.786004 -156836.723711
-29681.330482 -633178.896109
951034.228768 -69574.206773
684961.163496 -638563.499818
-418533.634852 -579785.985962
-324837.884111 -385228.115066
509424.174145 -251710.936181
571982.876315 597151.890186
948326.822585 696343.880308
159912.754065 -343923.540190
-600570.689296 -416952.570452
475949.232855 819294.242728
-328277.109371 -550325.508538
698988.367853 998682.051090
311003.567077 -520563.984973
603197.179404 -252157.762812
630671.801239 -146981.505505
769204.229013 958563.199181
61623.006259 761438.038344
-576200.648521 921118.291730
-197132.195244 575769.508788
-40880.957900 902069.151408
-371812.855958 -678139.319478
-608094.145125 -89000.121221
-818383.856162 -331831.404815
355576.737995 -795003.441889
-867869.459707 -73335.531837
599433.104331 319119.947957
510002.766871 474711.855278
-11858.459563 404038.772976
239789.325271 403978.972417
865131.322034 414875.485074
-729267.246085 619938.933202
-19524.678132 -669202.662488
162189.903746 360365.644756
-343695.060455 -886974.345579
-969998.991461 744216.876930
264940.140291 -908239.494001
-482595.465679 -328413.459988
-886187.987052 367849.554054
-395978.468630 344872.309250
-244894.622056 518464.102289
969861.357351 314224.621521
-696160.209391 -134976.654874
9132.096043 -85638.617531
-131157.015375 -946186.992468
700144.216691 -221733.632602
-633509.020404 -679499.294197
-537192.764858 790878.049098
957757.030212 -845555.770762
-799652.352028 991279.114511
-879246.972318 -283835.490941
-915859.373189 -258584.723310
-895565.426451 660156.375934
232061.926662 -646504.070569
680200.673276 -258070.792215
347104.584372 -617234.287418
-966968.155780 -849581.443221
-559074.834881 511131.266468
-170214.754374 999517.996485
936528.535699 314545.065467
975450.906410 852061.444460
33051.153590 309916.450177
-402724.638684 -584144.384708
477537.576424 -939173.802805
-690359.922633 -34587.774448
671529.659785 -372762.204908
818038.803557 -3897.004309
-809433.803599 -266161.387748
-657600.538479 837992.099575
-349489.074362 82886.266162
-824950.216585 -811498.076541
935982.221296 -297101.089649
139781.296089 537040.960631
-892371.333555 592838.528192
172655.180319 -290912.144610
963596.872570 -3360.779935
159746.185601 273051.806785
713677.150983 735489.286068
980107.300018 -396690.504241
940011.091643 99734.121640
288290.933185 -847345.296612
-11655.142593 -295737.930409
439830.210915 -796173.102690
-182537.605082 -772018.567098
805496.113923 896996.267972
-874083.275133 -386363.822715
794978.077830 779647.179418
345611.253951 -118265.093148
-427477.935648 -681566.222255
456784.214816 -355129.062900
951446.310807 -149576.954918
193837.178746 768889.209720
-475537.961797 960800.256292
989547.557617 -100941.070099
-17949.119157 680021.965576
-101877.487916 343845.853568
444131.231109 -968440.040188
134734.196522 596252.047826
-448732.826972 643400.989955
-960422.856946 204741.550139
-983710.857859 329023.646409
-294266.236605 -41865.219434
-801192.274416 709370.361747
-182252.486157 -617993.233250
-796897.588585 -792641.830105
-977995.870966 38284.924570
733606.900849 -259673.588198
-575809.786626 -879160.784188
833339.172964 255386.655617
364726.994846 -466299.941474
73267.791070 800887.863805
-959638.019292 -104246.004479
503691.606203 -247981.113780
429692.051587 -168615.165018
58376.396142 226699.933493
-49589.064105 707981.167582
562904.219337 731890.871410
-415007.979367 95587.279138
-949716.626947 379679.019368
810076.312417 170207.920370
-602223.574578 233600.671192
218162.347447 -245311.641528
733549.630799 240111.861170
174838.026281 -621202.892949
537374.350088 -234287.360019
-476227.069503 659547.080650
-304833.934069 -5381.595486
749383.442451 457689.071255
11022.303338 646300.771526
-81018.650490 133337.548038
818549.406214 -597183.635137
-503042.007951 484993.385178
-525479.140498 115075.361056
-449108.849730 -364510.393299
459509.784448 -56646.379001
-535961.634439 578871.140031
-783553.858487 138728.201787
550175.499263 -873334.102699
-526626.606655 -624207.708315
268995.924740 801335.682066
-346927.859429 961578.680263
509523.967029 200474.176105
708914.401172 -124199.819698
-527596.810074 296024.778427
499908.006223 -106916.807329
866574.558691 -56852.843605
719100.306137 -417840.497372
-35048.979289 481450.927122
-370576.479751 -737773.704692
-995391.024657 -9657.055357
531914.884463 817443.924447
746561.992188 -107939.179047
417420.887206 354886.869134
-324316.428515 267451.846199
-956375.850532 683583.364652
977708.861054 -434943.823108
-176735.434599 862971.975725
165404.813593 -261634.552979
-467142.209767 -316044.735498
-455929.437553 -911160.445362
998612.568865 -992406.855842
-278787.699082 -564038.891906
-569003.495650 -861278.756380
-986796.819271 -589345.182404
37152.932846 -80271.774987
-740559.860781 -612212.086854
779771.698247 -691988.938042
-33979.476409 -106787.638162
-890850.063374 976394.775639
65309.637569 884539.490210
299217.431953 -718683.850521
-385776.567446 535558.862677
56051.981865 732443.003337
434934.598655 390334.572283
-868146.159930 -186173.013187
745904.124990 880817.241896
118918.807246 -427756.020125
-362941.839221 -498706.258258
-119419.961150 135044.248620
-205930.109734 409991.801337
447530.605446 792809.225884
995610.627587 -441983.851226
491481.787487 774145.151091
-757145.342497 331477.245721
312145.488847 539066.024684
237829.205134 562333.014370
-374065.390245 -954178.912357
640132.073474 950317.425271
656356.808063 285236.486371
-604784.903962 -139185.197434
540272.140522 -261426.220178
-845419.756693 -366326.305678
-884751.964284 -700276.261657
108459.626787 -362186.437368
-475394.577341 133349.779601
467093.566426 112827.692796
-806864.934973 68487.672186
-757114.515254 -751015.774862
893267.270912 -393506.929886
792126.501515 465648.669167
-446284.033249 165294.505956
-298348.536687 -238645.391933
-791837.898903 196070.405458
-40348.297537 -142783.985982
-182416.796881 637737.710723
814691.142413 79388.785932
-86457.708383 -992262.365084
253297.288434 -350967.895696
950072.537078 -447690.743739
620661.124909 918789.502558
-764071.668637 -146740.311175
703968.205602 -286166.447730
548064.059941 -723250.688909
877759.476252 340538.614081
729101.306408 -952737.464768
299160.120154 955479.705747
90110.264309 983939.778249
-244287.946487 -724376.739886
388156.162879 -740017.962002
204972.277238 -288909.941449
7489.742527 -371316.541418
775143.433109 -360386.875859
444901.475784 -960590.857869
162307.062419 -376504.452885
-656074.293840 46582.674830
558853.252309 333421.208733
-352245.509811 557628.451978
58636.682140 -543283.825199
579360.835126 734885.497299
355531.150223 530088.350451
26594.946050 103915.421242
-210962.911292 713634.299966
663678.984464 -840924.952210
453888.292157 -656450.385473
-519165.116901 357995.923260
-253817.841543 -82254.045494
-197575.974920 94229.846970
-681546.030126 414304.988266
636978.220472 146561.613589
195683.682592 -386176.998380
852948.005023 676775.326124
132267.157910 -808606.298462
293614.191021 -89032.223970
-139054.835553 -477219.022565
938843.448607 568572.627384
-101494.725878 500754.471738
-927481.954617 525570.640419
171037.286437 -278463.115006
-832952.293690 -432581.900053
-824172.426709 324182.502337
-103165.435414 -198860.945884
-665801.466880 700671.812414
28951.511588 -511528.636689
92919.400740 388156.180087
857689.819775 -396477.444884
-991520.254300 601938.368147
-399555.324800 777725.072909
-960085.710232 649269.153876
-184125.484497 680985.074836
-823049.625491 -939392.381998
25415.318230 527632.779471
-14130.295278 880368.542938
570993.472780 434487.974859
-201231.456634 649863.483899
367023.970853 345140.891127
-597357.465540 -609973.029901
230054.526676 -770206.047252
-297589.099081 -984542.543549
-856608.560045 -819107.051445
982181.780757 468486.146450
-8135.027506 267404.652404
941111.360418 -897566.952449
-412413.896656 546618.345998
-446420.006358 807526.443566
773626.151032 323335.808906
705146.685385 195624.569588
-283166.147270 102564.170883
-877562.558928 902190.552990
-133476.836386 -29346.971137
-259371.448219 615551.930127
-592138.137486 456519.425446
373706.372041 355425.291477
-31036.258981 -322360.865986
-6345.430811 -988295.755395
532422.477764 -95716.782940
236747.303818 -203817.956051
374169.904972 171099.275276
101285.389583 -887576.081369
555115.764594 764590.778110
-787492.217600 109261.385228
-821452.498356 -307444.151946
-217043.122012 -156226.559940
878977.291946 46897.197617
-801812.783011 655039.143307
729202.384550 -605298.341110
-914989.257978 144232.193074
575049.952651 -873727.727898
522120.978124 -579779.171193
-204079.491094 550557.991788
-18133.194922 157207.533522
-686114.607729 -738963.219003
-611207.432553 574933.969638
778006.817918 990461.547647
785034.888594 525002.443727
-428605.692068 822765.204358
331267.843101 -976832.090172
-223336.029826 -606354.873641
667998.437346 984442.019720
195616.888389 709825.930944
310364.459089 484757.366987
436319.513653 160241.988804
169462.135918 -621033.383810
108128.108922 -319596.787675
748137.478727 -110564.953601
435927.415121 457441.922832
166818.283598 394174.484199
-590848.666205 -343013.806083
689294.986885 -664222.323480
-682082.926440 55210.952976
204247.524512 -612798.410722
-275031.336232 -742923.664265
-60097.928731 -903206.984706
-315696.683034 403214.194260
283696.711397 29427.189412
-265888.338548 208981.577819
-704828.289800 688797.570172
-193921.294055 373163.183776
845980.678362 -292916.989844
604679.699692 -894347.047077
-69492.168744 97616.664026
-576790.856839 -359099.648557
803465.726747 -826122.609319
344692.316405 -230849.541561
154027.549412 217187.503382
320589.454332 412184.840096
-115371.364224 -799743.923968
-901115.801002 -72932.865806
544433.295428 452851.782504
-714656.747067 547966.803725
-893471.018385 -697046.535766
-602673.745023 248309.265663
-871961.178779 991697.655309
-278849.912099 829984.494128
-677774.996218 -613642.228338
427055.521764 -351591.388569
827667.725883 -74053.572916
-420593.063005 17279.325611
33288.073139 192375.569529
386684.817858 384120.606628
836714.010036 -524903.201511
198809.220123 -969725.453887
104536.794081 -322447.813832
800838.050763 19401.120256
-557425.174527 868909.200558
93731.727805 -379381.854351
826239.151230 923435.047738
-647781.324672 309147.235664
936070.797349 -367542.504597
-696525.677909 -966531.347243
-619491.083416 -564293.143132
506056.017911 -85237.620319
-713712.079953 66979.372063
298727.283295 18291.634482
-861356.923514 -924126.242876
-297310.529304 -93769.040218
-647426.836950 87200.364066
-536849.829133 62213.711059
-770482.627797 655455.419284
-304460.384409 -874958.132497
-468.202901 749108.001659
232164.201929 -596171.273014
623952.956735 164424.279147
-167683.794749 971753.839289
-98694.587394 -982325.183704
939633.497368 -270699.583580
30418.432291 -545750.166661
-225439.821470 177.823960
-674175.312197 -686899.302867
518061.343496 -747039.606573
-983667.641669 707100.623245
-507516.883675 -73356.253008
49568.131384 -924077.755350
-870846.838313 -158288.133785
-439569.655307 -164179.974246
442835.232180 -667616.374001
234887.372898 840574.114631
-741940.181182 -531037.339383
-658297.010981 21955.629306
763603.039837 520410.688529
-262912.633386 -769794.343319
-228376.059712 317008.343708
370502.804624 -164857.524349
-705101.758045 -28998.565790
-597347.875603 -858190.925889
-572279.193368 82852.764069
-201224.600796 -725342.080451
566774.976984 -566377.911559
-774156.596610 429510.263328
-350762.612156 -31543.346042
-924902.407974 -340743.267879
256563.660840 -586376.726378
-720484.323909 -711224.030936
382951.667726 -657313.884995
-32223.491719 -344131.943019
-815521.419457 -254721.139518
-593304.994549 -648382.598148
-943689.318161 -996997.793822
-846015.672306 445264.737274
-547047.001595 -432917.645600
-815385.484321 680679.448036
162952.740073 -589419.730506
-813594.170343 -501242.372649
-727968.682671 585462.771323
-777639.399895 -38615.780384
847568.403019 -362943.463985
-656851.628700 438597.383227
879268.023433 819855.362501
-440675.407717 467427.034579
-398643.567481 -795008.915415
-160730.304513 634896.427467
369584.818748 -945748.454908
-748741.260183 178306.743540
312709.569795 716974.345480
-834263.228848 -202948.889729
314387.525486 -15658.926428
147190.875448 199979.654227
-442954.707881 -266502.973424
452631.387167 -567881.864251
192022.582705 305615.671698
425486.454726 203358.064812
-268529.070711 440929.770322
891112.826645 -835540.921008
987520.718381 508609.334420
-684088.685481 -960183.161845
-770839.169497 351639.678058
756530.359860 308677.176326
606611.142816 547030.609228
-197173.016715 -588787.417492
586997.413320 -536531.503477
-530704.069527 308636.338226
485162.293106 555528.132722
-628488.221614 362870.282394
928302.160631 669701.946059
336336.262900 402137.471177
992116.189131 -612335.566336
736672.417408 -121440.977202
517050.128493 560949.673495
-260836.039206 -259830.527079
-612719.966378 820710.068694
-165475.202438 -783506.013064
-71930.162909 819065.456904
159900.913401 821459.909454
202538.941750 196470.716898
161858.458534 182782.317480
652913.848313 788378.545219
646807.884513 230806.748994
-327447.390796 -893945.032678
696967.485081 53916.054093
-48441.612991 279647.198393
462584.109229 -188891.292386
-293822.163236 -666515.328827
-38152.445260 787475.993385
-897546.869889 678008.615133
-129041.026644 -537041.065338
878165.398136 -656498.222778
-341273.412337 400961.589957
-687282.131036 85072.057054
439655.805598 -529209.838337
-371868.174164 -316660.348952
260998.880932 399168.317236
-734716.844238 -840161.198201
180783.184837 954947.107870
841367.846972 -818949.216370
-94961.032950 570519.847744
432698.977865 590330.770165
-592069.558005 622220.084175
-34267.783112 435737.375168
866929.324972 288423.536209
796096.727233 289613.936210
264362.783298 -57103.041136
401204.684970 315015.170463
986249.183500 584071.782119
680085.871320 -192767.744314
-379752.398256 47407.789295
878311.210406 978974.233566
-51603.447389 -634969.552444
-56669.026987 -149670.561726
950335.247253 754690.280108
978503.678004 -172763.716179
-992086.509365 194454.893479
-239689.118515 149659.971337
-24075.852173 788008.461816
579091.863858 650393.722124
-715969.267284 -89784.976464
923898.852054 -116938.363950
431355.044699 259067.154577
394809.637767 902867.525995
-436982.861688 -466075.897369
-829297.757129 -726579.081786
-753130.874831 352956.190981
-974156.929201 -454664.964525
-451282.738944 410814.694494
-280292.348271 974621.076409
-515994.163999 654362.696171
688607.266253 -670694.081343
-998947.633310 921175.688439
-125971.888966 850079.170218
-520237.507037 -385616.631233
-644843.728539 744643.386925
-590557.152124 -977872.392230
-487559.207561 400007.710275
377960.982520 738537.041332
-544435.183843 -460175.601885
-356650.787353 265825.678853
-475138.973965 -682073.405385
-465304.091632 25833.591410
11220.997497 -527926.386982
59879.834448 -12752.587352
-755452.268328 -707400.672195
3527.099548 -197221.335252
786322.834045 -593770.577018
-493754.007309 211840.607394
778947.882724 367440.901353
162046.395246 -795514.075460
-652000.514696 -507655.611602
-620375.838969 822692.609273
-94949.325537 211024.524265
438331.202375 -281344.301165
-527208.835455 634096.553850
-659090.334503 -741761.479973
331808.001588 -964825.734534
-916006.173734 763821.109679
95819.807870 -503091.020402
-2030.897521 -265168.161913
526048.394757 440615.688673
-655828.394700 -68906.095557
-679252.995011 -873014.853914
348583.837801 549805.278654
-786909.712737 983375.103191
377207.360061 261537.057279
444982.925224 511449.300655
-879768.499284 -639622.956325
944320.404538 -836860.475953
-930107.380449 51263.953196
-265739.720775 157012.536581
657529.143432 61816.640055
-942952.554160 -542156.999705
-269795.804632 -137929.907339
31850.031798 -488045.055608
197364.416757 -512539.410374
-342589.896637 -976767.442494
366561.405550 -549934.009521
-255892.090215 903466.125026
547830.919288 228480.019160
-416373.236491 131734.676042
-380934.337776 979543.956466
-535135.140771 -178464.248975
622914.698976 568421.943411
-875962.249375 693983.346189
766600.419926 15757.494431
160768.498258 876594.519841
535580.307412 146173.393398
931079.537686 706046.998297
-515833.362431 497577.987692
-103648.199749 -178625.192342
536221.473694 -848715.127572
-259122.005508 -452451.218275
-886026.600064 -245357.952923
733733.821560 205557.382888
-696896.462318 -539139.622362
122362.035883 527583.948174
293652.275316 769604.091139
-410353.410590 -783272.815613
-424575.782019 63389.265936
-809011.256524 562921.844783
109883.396360 760961.450151
-55542.447065 -684228.254542
157726.471052 468393.809800
-738917.813931 158228.411222
-691186.529888 730159.385779
-215454.192274 982797.925194
-703422.847837 482873.534743
-553901.873624 265164.172017
772973.412742 -785152.114461
-360439.381862 62794.866348
51485.388786 -162408.495640
-73944.900965 -231767.058446
-293789.790272 -75366.185592
734159.217942 188261.795535
-298671.934618 -416288.722850
-417878.067176 -596423.339457
-159437.638951 850.163532
516768.255887 -621823.204366
-785211.107508 -800906.372788
-593384.692394 -393709.569315
-805080.323123 -264945.734759
165299.612846 -225881.419927
421940.148097 311515.676599
43737.072748 -29173.525041
454481.426572 206313.695760
291681.413604 599315.870131
898425.961947 -61343.127469
-72099.689280 790420.513415
312669.333001 984284.565627
-69680.896660 676818.218344
970191.327484 -170134.245680
-7555.267664 -692806.673806
403217.058421 -325573.978373
516532.696619 -105866.217765
234389.109942 -67690.943225
-218518.125525 820755.238052
903955.577631 -471591.389648
-60613.207360 90749.189267
451814.005577 -512102.592519
-98080.649076 99831.404332
389497.830002 501437.899843
-396474.066465 567969.387267
-996961.230817 -251814.224684
341381.777156 -358452.165118
-792930.391452 -309187.634892
813039.462069 -362967.995959
806009.619209 -419655.564321
379913.357795 989556.793356
426197.760292 -998357.944127
-615095.727158 -478019.845085
395564.974480 306840.739413
973852.613244 275822.394235
488071.413304 641987.516645
852828.861669 731918.546059
652192.804955 -624723.137481
-943130.757467 923998.535654
-640878.948422 364151.825367
-797244.166400 -254729.770087
434577.689706 -278486.083611
617536.817625 102725.295785
80276.675914 923828.111377
-335318.049951 207704.121007
-810021.676287 493882.713785
-884126.743585 -870029.299280
39582.397232 216329.826053
583715.159528 -870899.854687
256177.063083 493542.447104
-433822.788653 -278560.955963
-772679.797167 -472777.364554
657070.527312 660969.797507
278747.472147 479055.831583
266025.061368 442846.673893
184481.037079 989445.643107
-533992.213557 -775216.615039
-948152.987514 141068.108765
919090.838204 -30789.826395
627211.654457 -387058.762645
465984.856337 102732.055790
-616682.283975 -700695.370815
-573152.510457 133989.216570
328142.893983 -118250.060844
-398151.494721 -551820.273942
-640937.960120 -371216.471468
-66248.645965 185503.408547
147881.614823 650358.638194
385026.440590 -417779.407520
12023.085987 -473974.100913
48544.709498 -842145.009583
-409343.993666 -61473.332755
232442.779916 -916081.920860
-452578.587993 -829281.485210
244421.434134 626143.063150
-330723.499156 -79696.431511
-523507.806836 -583369.377632
-278645.196941 398823.941177
-702640.822774 882243.012945
25192.102285 -86650.603230
925370.456313 -333145.894339
-439560.438892 -630514.564297
-440108.731980 750548.967102
-763581.102736 -885134.949463
269740.986142 -71844.135438
-514676.829493 481294.860401
787496.435537 328781.458209
-689016.005871 -302188.436928
-70431.939895 127176.463526
427030.637932 -969589.914152
242584.267871 -146755.231667
309748.014085 -672301.319076
306056.299695 849428.506934
-777413.524762 124534.010157
803268.780338 -107660.029923
188664.448272 -672476.824423
-466000.328247 -116874.191225
-998616.645589 230516.177277
438789.402625 320846.450263
-795186.270915 -956077.882346
-284606.393214 -672049.649091
165758.825256 -398480.191641
-911659.283069 -44410.886357
170687.888542 137038.825093
-435930.896201 847186.615494
165844.724957 -318724.112124
-702238.824149 -424534.983460
570900.833841 -969851.371482
203419.998992 -104637.880543
-716678.667052 -123307.907082
-736974.367994 -172801.918830
-912766.632271 964798.593622
-830201.888517 398186.054265
-121845.521807 -407654.634440
472080.357240 -909961.227114
-666555.735030 -478501.703676
532346.170679 296485.218281
635267.422071 76258.895343
-211174.237447 -755286.956238
-427442.503266 -172750.651865
-776105.348012 406393.708018
8966.007771 -839571.206214
-851579.540110 -932213.531012
-82006.350325 -725969.703640
-250469.675859 -629879.396861
301776.847046 -272817.413481
57830.211540 831469.103808
-241868.007924 230098.744928
947539.334364 459812.610294
30017.555009 792315.688356
717946.944149 888445.331918
-686542.032045 403383.353745
-170220.626944 -675210.729216
427175.750058 -463074.241275
-621460.256720 493123.959592
-111328.126095 253157.718829
755443.142184 -124396.278731
-481901.926044 650485.725149
-896015.975286 -694641.119707
-817286.672792 245438.738829
598400.895082 -645514.370244
-879752.652124 -866720.390314
-156005.752844 -688945.685660
-235864.838499 -536550.643570
849066.665583 -592518.594275
-954429.420340 -361312.776580
873447.593159 222242.625894
-749830.167992 45030.170776
557066.055523 54629.985651
465854.400837 -652471.287973
-454642.591645 977805.891913
488300.806283 -485795.018753
374805.525556 -620147.974498
971899.601631 -672692.800768
373199.576772 536686.005603
-695691.751765 -386820.394322
-27410.249274 -927720.253119
747403.303712 153230.731812
-849202.305564 -961125.489172
853147.978456 531884.951396
-508504.368545 -545435.010620
495440.657880 -403981.975223
-577372.605708 124699.106109
-83272.981714 232316.113185